OTU_id	1	10	101	103	104	11	111	12	123	128	13	130	131	135	14	144	145	147	15	156	157	16	162	166	167	168	17	18	188	19	194	2	20	200	206	21	210	22	222	224	226	227	229	23	234	235	24	240	244	25	256	259	26	265	27	270	28	282	29	299	3	30	302	309	31	32	325	33	34	36	361	368	38	393	4	40	407	42	421	43	44	45	46	47	5	51	54	56	58	59	590	6	60	61	62	66	67	7	70	72	74	75	77	8	86	88	9	93	96	98
1	1.000	-0.115	-0.166	-0.133	-0.118	-0.038	0.107	-0.181	-0.112	-0.133	-0.157	-0.174	-0.175	-0.225	-0.054	0.062	-0.185	-0.183	-0.180	-0.055	-0.174	-0.106	0.016	-0.126	-0.127	-0.000	-0.256	0.071	-0.140	0.029	-0.162	-0.153	0.038	-0.132	-0.097	-0.084	-0.069	-0.308	-0.175	-0.075	-0.013	-0.017	0.099	-0.075	-0.181	-0.091	0.001	-0.129	-0.147	-0.160	-0.135	-0.139	-0.049	-0.142	-0.101	0.038	-0.027	0.023	-0.069	-0.128	-0.081	-0.086	-0.186	-0.065	-0.052	-0.211	-0.127	-0.144	-0.141	-0.144	-0.099	-0.014	-0.092	-0.108	-0.121	-0.025	-0.004	-0.052	-0.160	-0.016	0.104	-0.071	-0.170	-0.083	-0.124	0.026	-0.092	-0.138	-0.178	0.040	-0.103	-0.272	0.195	-0.136	-0.065	-0.076	-0.165	-0.225	-0.120	-0.087	0.013	0.126	-0.196	-0.204	-0.204	-0.116	-0.083	-0.117	0.037	-0.024
10	-0.115	1.000	0.068	-0.070	-0.013	-0.015	0.011	-0.110	-0.083	-0.041	-0.041	-0.073	0.369	-0.054	-0.073	-0.064	-0.009	-0.015	-0.021	-0.095	-0.060	-0.068	-0.001	-0.077	0.104	-0.040	0.281	0.029	-0.069	-0.005	-0.065	0.088	-0.061	-0.073	-0.054	-0.072	0.021	-0.042	-0.006	-0.071	0.229	0.159	0.006	-0.066	0.097	-0.070	-0.063	-0.001	-0.058	0.037	-0.031	-0.049	-0.033	-0.043	-0.104	-0.027	-0.007	-0.037	-0.087	-0.069	-0.054	-0.072	-0.055	-0.023	-0.023	0.088	-0.030	-0.035	0.095	-0.035	-0.055	-0.008	-0.050	0.086	0.016	0.021	-0.068	-0.052	-0.025	-0.022	-0.062	0.013	-0.032	-0.048	0.048	-0.061	-0.055	-0.075	-0.071	0.157	-0.035	0.301	-0.057	-0.025	-0.077	0.046	-0.015	-0.065	-0.032	0.003	0.044	-0.058	-0.092	-0.040	-0.067	0.047	-0.063	0.048	-0.037	-0.031
101	-0.166	0.068	1.000	-0.038	-0.038	0.035	-0.015	-0.056	0.214	-0.031	0.014	-0.018	-0.126	0.091	-0.040	0.024	0.043	-0.030	-0.043	-0.066	-0.038	-0.005	-0.036	-0.071	-0.087	-0.003	0.031	-0.105	-0.051	0.314	0.137	0.009	-0.118	-0.016	-0.035	-0.059	-0.059	0.053	-0.023	-0.050	-0.061	-0.126	0.003	-0.097	-0.072	-0.085	0.010	0.012	-0.048	0.023	-0.038	0.041	0.068	0.100	-0.071	-0.039	-0.038	-0.024	-0.044	0.096	-0.015	-0.052	0.020	-0.014	0.051	-0.041	-0.045	-0.085	0.136	-0.052	-0.059	0.001	0.136	-0.044	0.168	-0.032	-0.079	-0.001	0.003	-0.038	-0.083	0.126	0.002	-0.090	0.038	-0.053	-0.033	0.001	0.072	-0.024	-0.044	0.324	-0.091	0.102	-0.065	0.106	0.146	0.060	-0.052	-0.058	-0.023	-0.097	-0.073	0.186	-0.072	-0.022	-0.068	0.156	-0.049	-0.060
103	-0.133	-0.070	-0.038	1.000	-0.049	-0.030	-0.052	-0.026	0.115	-0.045	0.040	-0.030	-0.066	0.066	-0.036	-0.032	-0.004	-0.029	0.010	0.010	-0.022	0.015	-0.020	0.145	-0.005	-0.027	0.100	-0.072	0.046	-0.084	-0.074	-0.127	-0.028	-0.055	-0.085	-0.082	0.019	-0.056	0.123	-0.064	-0.055	-0.006	-0.065	-0.010	-0.083	-0.013	-0.012	-0.030	-0.046	-0.013	0.145	-0.032	-0.056	0.030	-0.057	-0.026	-0.040	-0.039	-0.050	0.017	-0.053	-0.045	-0.021	0.219	0.084	0.003	0.008	-0.038	0.228	0.061	0.130	-0.054	-0.018	-0.012	-0.064	-0.045	-0.050	0.408	-0.071	-0.019	-0.057	0.159	-0.053	0.058	-0.048	-0.049	-0.059	0.036	0.011	-0.070	-0.040	-0.053	0.012	-0.026	0.012	-0.058	-0.057	-0.018	-0.047	-0.014	0.002	0.079	-0.046	-0.059	0.574	-0.047	-0.097	-0.010	-0.003	-0.035
104	-0.118	-0.013	-0.038	-0.049	1.000	-0.002	-0.095	0.262	-0.027	0.043	-0.074	0.144	-0.036	-0.050	0.042	0.093	0.018	0.091	0.130	0.017	0.116	-0.051	-0.033	-0.016	-0.022	-0.026	-0.047	0.010	-0.036	-0.062	0.504	0.226	0.372	0.081	-0.052	-0.017	-0.042	0.194	-0.072	0.224	-0.035	-0.038	-0.057	0.052	0.096	0.283	-0.027	0.025	-0.029	-0.033	-0.028	0.204	-0.049	0.095	0.593	0.018	-0.020	-0.032	-0.042	0.031	-0.035	-0.035	-0.034	-0.024	-0.032	-0.059	-0.017	0.063	-0.016	0.019	-0.064	-0.034	-0.024	0.203	-0.025	-0.041	0.651	-0.044	-0.017	-0.020	-0.055	-0.002	-0.006	-0.042	-0.082	-0.003	-0.010	-0.061	-0.067	-0.035	-0.024	0.026	-0.007	-0.011	-0.049	-0.046	-0.040	-0.040	0.123	-0.015	0.049	-0.053	0.057	0.006	-0.008	-0.015	-0.045	-0.055	-0.033	0.022
11	-0.038	-0.015	0.035	-0.030	-0.002	1.000	0.018	-0.046	-0.058	0.344	0.074	-0.045	-0.108	0.112	0.082	0.044	-0.001	0.039	0.265	0.092	0.093	0.093	-0.057	-0.124	-0.115	-0.035	-0.068	-0.053	0.003	0.129	0.106	0.076	0.029	0.017	0.076	0.048	0.163	0.072	0.146	-0.017	-0.009	-0.080	-0.063	-0.048	0.031	-0.057	-0.092	0.128	0.059	0.323	0.224	-0.071	-0.083	-0.010	0.022	0.018	0.070	-0.031	-0.042	0.101	-0.078	-0.090	0.165	0.171	-0.094	-0.024	-0.041	-0.023	0.042	-0.042	0.097	0.160	-0.087	0.003	0.223	-0.051	-0.068	-0.088	0.234	-0.059	-0.071	-0.001	-0.028	0.200	-0.097	0.003	-0.104	-0.090	0.054	-0.047	-0.039	-0.083	-0.040	0.241	-0.052	-0.045	-0.088	-0.098	0.023	-0.012	-0.017	-0.030	-0.060	-0.022	-0.121	0.087	0.286	-0.056	-0.066	-0.039
111	0.107	0.011	-0.015	-0.052	-0.095	0.018	1.000	-0.086	-0.031	-0.054	0.026	0.025	-0.083	0.104	-0.059	-0.040	-0.036	-0.058	-0.052	-0.091	-0.018	-0.036	-0.054	0.038	-0.053	0.010	-0.001	-0.129	-0.037	0.118	0.149	-0.103	-0.056	0.016	-0.078	-0.030	-0.054	-0.078	-0.037	-0.102	-0.019	-0.067	0.031	0.110	-0.046	-0.127	0.041	-0.041	-0.057	0.157	-0.096	-0.058	-0.029	-0.074	-0.070	-0.040	-0.058	0.029	0.045	-0.014	-0.022	-0.042	0.025	-0.049	-0.017	0.001	-0.049	-0.061	-0.046	0.065	-0.018	0.014	-0.075	-0.029	-0.056	-0.035	-0.097	0.178	-0.075	-0.029	0.096	-0.060	-0.067	-0.068	-0.041	-0.015	-0.040	-0.061	-0.097	-0.023	-0.041	-0.105	-0.071	0.174	-0.115	-0.079	-0.052	-0.085	-0.066	0.074	-0.033	-0.013	0.011	0.048	-0.096	-0.025	0.004	-0.066	-0.043	-0.069
12	-0.181	-0.110	-0.056	-0.026	0.262	-0.046	-0.086	1.000	-0.092	0.039	-0.073	-0.036	0.117	-0.086	-0.035	0.125	0.029	0.077	-0.004	0.010	0.052	-0.007	-0.022	-0.015	-0.025	0.058	-0.042	-0.103	0.374	-0.043	0.186	-0.034	0.033	-0.078	0.069	-0.054	0.050	0.021	-0.094	-0.009	-0.068	0.009	-0.063	0.048	0.038	0.191	0.135	0.008	-0.056	0.078	0.011	-0.066	0.109	0.038	0.106	0.066	0.264	0.076	0.023	0.072	-0.015	-0.059	-0.029	0.060	0.003	-0.032	0.015	0.059	-0.051	0.089	-0.055	0.111	-0.050	0.073	-0.079	-0.033	0.157	-0.095	0.333	-0.039	-0.044	-0.063	-0.052	0.154	-0.081	-0.041	-0.072	-0.089	-0.050	-0.088	-0.036	0.042	0.024	-0.034	0.162	-0.026	0.734	0.036	-0.006	-0.056	-0.079	-0.070	0.260	-0.005	-0.017	-0.057	-0.084	-0.080	-0.017	-0.028
123	-0.112	-0.083	0.214	0.115	-0.027	-0.058	-0.031	-0.092	1.000	-0.055	0.141	-0.057	-0.060	-0.049	-0.048	0.010	-0.043	-0.050	-0.070	-0.125	0.057	-0.006	0.220	-0.022	-0.020	0.151	-0.066	-0.010	-0.064	-0.005	-0.087	-0.107	-0.017	-0.091	-0.043	-0.029	-0.050	-0.108	0.191	0.024	-0.050	0.008	-0.089	-0.059	-0.079	-0.083	-0.050	-0.020	-0.064	-0.088	-0.073	-0.008	-0.001	0.064	-0.002	-0.039	-0.043	-0.045	0.183	-0.040	-0.015	0.116	-0.064	-0.036	0.010	-0.008	-0.037	-0.037	0.422	-0.006	-0.020	-0.052	-0.006	0.045	-0.003	-0.054	0.023	-0.055	-0.061	-0.012	-0.071	0.275	-0.014	-0.076	-0.040	0.052	0.032	-0.009	0.069	-0.071	0.018	-0.086	-0.060	-0.033	0.005	0.013	-0.064	0.068	-0.051	-0.052	0.038	-0.079	-0.024	0.090	0.357	-0.063	-0.066	0.006	0.199	-0.063
128	-0.133	-0.041	-0.031	-0.045	0.043	0.344	-0.054	0.039	-0.055	1.000	0.228	0.074	-0.023	-0.010	-0.053	-0.029	0.130	0.156	0.044	-0.064	0.481	-0.010	-0.028	-0.040	-0.037	-0.029	-0.057	0.058	0.234	0.111	0.015	0.048	-0.038	-0.018	-0.038	-0.022	-0.037	0.183	-0.056	0.039	-0.030	-0.061	-0.051	-0.021	0.079	0.067	-0.014	0.462	-0.011	0.031	0.111	-0.012	-0.011	0.042	0.120	0.118	0.018	-0.018	-0.036	0.107	-0.021	-0.019	-0.017	-0.017	-0.056	0.155	-0.025	-0.026	-0.026	-0.002	-0.020	-0.050	-0.026	0.074	0.032	-0.037	-0.010	-0.057	0.070	-0.023	-0.047	0.013	0.077	0.290	-0.036	0.012	0.046	-0.045	0.091	-0.044	0.033	0.000	0.047	-0.007	0.017	0.283	-0.039	-0.032	-0.006	-0.030	0.007	-0.024	0.040	0.068	-0.058	-0.046	0.342	0.006	-0.024	0.024
13	-0.157	-0.041	0.014	0.040	-0.074	0.074	0.026	-0.073	0.141	0.228	1.000	-0.047	-0.008	-0.040	-0.044	-0.050	0.109	0.120	-0.066	-0.062	0.275	0.109	0.057	-0.086	-0.032	-0.034	0.004	0.115	-0.009	0.034	0.010	-0.014	-0.023	0.384	0.454	0.357	-0.063	0.125	0.422	-0.045	0.037	-0.067	0.130	0.088	0.227	0.414	0.152	0.222	-0.108	-0.040	0.076	-0.068	-0.039	0.117	-0.117	-0.035	-0.051	-0.045	0.019	-0.070	-0.055	0.051	0.309	0.105	0.065	0.069	-0.018	-0.060	0.244	0.295	-0.013	-0.074	0.047	-0.063	-0.008	0.357	-0.064	-0.041	-0.052	0.041	-0.049	0.144	0.002	0.111	-0.100	-0.013	-0.077	-0.061	0.085	0.018	-0.025	-0.074	-0.076	-0.047	-0.038	-0.064	-0.028	-0.040	-0.022	-0.064	0.056	0.124	-0.112	0.459	-0.019	-0.075	-0.030	-0.027	0.017	-0.043
130	-0.174	-0.073	-0.018	-0.030	0.144	-0.045	0.025	-0.036	-0.057	0.074	-0.047	1.000	0.002	0.038	-0.055	-0.035	0.110	0.092	0.067	0.062	0.043	0.017	-0.052	0.024	0.137	-0.036	-0.068	0.000	-0.084	0.150	-0.029	0.142	0.020	0.273	-0.066	-0.082	-0.072	0.480	0.106	0.170	0.074	0.155	-0.005	0.142	-0.035	-0.016	0.067	0.047	0.342	-0.070	-0.036	0.550	-0.044	0.180	0.005	-0.022	-0.043	-0.032	0.107	0.003	-0.051	0.348	0.012	0.016	-0.056	0.095	-0.042	0.023	-0.047	-0.052	0.073	-0.004	0.028	0.020	-0.034	-0.054	-0.052	0.208	-0.032	-0.042	0.124	-0.043	-0.008	0.199	-0.010	0.036	0.078	-0.034	-0.053	0.030	0.017	-0.007	0.042	0.007	-0.026	-0.044	-0.019	-0.006	-0.054	0.120	0.009	0.003	0.266	0.266	-0.082	-0.046	0.067	-0.092	-0.037	0.205
131	-0.175	0.369	-0.126	-0.066	-0.036	-0.108	-0.083	0.117	-0.060	-0.023	-0.008	0.002	1.000	-0.072	0.080	0.170	0.158	0.102	-0.085	-0.010	-0.055	-0.021	-0.027	-0.040	0.190	0.074	0.238	0.073	-0.104	-0.059	-0.098	0.149	-0.061	-0.010	0.230	-0.043	0.118	-0.014	0.045	-0.106	-0.032	0.304	-0.060	0.095	0.347	0.253	-0.063	0.216	-0.018	-0.115	-0.058	-0.090	-0.060	0.083	0.081	-0.037	0.440	0.056	0.130	0.065	-0.099	0.132	-0.016	-0.040	-0.071	0.142	-0.056	0.212	0.098	0.002	-0.094	-0.023	-0.042	-0.048	-0.072	-0.022	-0.095	-0.091	-0.085	0.192	-0.089	-0.025	-0.062	0.110	-0.065	-0.027	0.188	-0.095	0.151	-0.046	-0.046	0.437	-0.033	-0.035	0.164	0.070	-0.076	-0.059	-0.060	-0.015	0.108	-0.034	-0.014	-0.023	-0.102	-0.062	-0.119	-0.039	-0.053	0.105
135	-0.225	-0.054	0.091	0.066	-0.050	0.112	0.104	-0.086	-0.049	-0.010	-0.040	0.038	-0.072	1.000	0.068	-0.048	0.103	0.049	-0.037	-0.089	-0.014	-0.042	-0.043	-0.026	-0.084	-0.040	0.010	-0.087	-0.069	-0.031	0.529	0.125	-0.047	0.011	-0.029	0.176	-0.047	0.071	0.131	0.005	-0.051	-0.007	-0.010	-0.076	-0.080	-0.083	-0.009	0.002	0.378	0.349	-0.039	0.133	-0.033	-0.019	0.209	0.094	-0.034	-0.032	-0.029	-0.098	-0.049	-0.070	0.589	-0.030	-0.024	-0.038	-0.007	-0.056	-0.037	0.000	-0.014	-0.056	-0.011	-0.004	0.018	0.000	-0.059	0.003	-0.003	0.065	-0.074	-0.069	-0.048	-0.034	-0.021	0.040	-0.067	0.260	-0.053	-0.051	0.345	0.020	0.027	0.629	-0.079	-0.062	-0.028	0.180	-0.051	-0.016	0.007	-0.010	0.044	-0.033	0.035	0.014	0.188	-0.060	-0.032	0.002
14	-0.054	-0.073	-0.040	-0.036	0.042	0.082	-0.059	-0.035	-0.048	-0.053	-0.044	-0.055	0.080	0.068	1.000	-0.055	-0.030	0.005	-0.064	-0.047	0.281	0.238	0.018	-0.055	0.034	-0.042	-0.077	-0.050	-0.064	-0.115	-0.042	-0.093	-0.003	-0.042	0.030	-0.040	-0.063	0.057	-0.049	0.118	-0.047	-0.050	0.093	-0.009	-0.073	-0.014	-0.051	-0.031	-0.084	-0.043	-0.024	0.015	-0.025	-0.054	0.013	-0.004	-0.028	-0.036	-0.055	-0.077	-0.023	-0.061	-0.068	-0.031	-0.036	0.017	-0.026	-0.037	-0.048	0.022	-0.062	-0.005	-0.006	-0.062	0.106	-0.049	0.105	-0.045	-0.045	0.728	-0.055	-0.056	0.114	-0.075	-0.105	-0.041	-0.062	0.015	-0.065	0.019	0.006	-0.015	0.027	-0.029	-0.065	-0.088	-0.057	-0.051	-0.036	-0.041	0.003	-0.013	0.006	-0.077	-0.052	0.285	-0.011	-0.015	0.016	-0.032
144	0.062	-0.064	0.024	-0.032	0.093	0.044	-0.040	0.125	0.010	-0.029	-0.050	-0.035	0.170	-0.048	-0.055	1.000	-0.016	-0.006	-0.026	0.187	-0.044	0.002	-0.016	0.082	-0.030	-0.035	0.009	-0.055	-0.068	0.051	0.130	0.104	-0.039	-0.051	0.131	-0.060	-0.046	-0.030	0.020	-0.018	-0.040	-0.046	-0.037	0.008	0.101	0.147	-0.054	0.087	-0.037	-0.068	-0.021	-0.023	-0.056	-0.017	0.040	-0.020	0.407	-0.036	-0.070	0.105	-0.040	-0.004	-0.018	-0.023	0.141	-0.013	-0.040	-0.046	-0.020	-0.038	-0.065	-0.004	-0.049	-0.043	-0.004	0.076	0.041	-0.031	-0.064	-0.041	0.005	-0.016	-0.032	-0.048	-0.069	-0.040	0.059	0.268	-0.066	-0.059	-0.037	-0.024	-0.054	-0.029	-0.072	0.024	-0.042	-0.038	-0.021	-0.048	-0.051	-0.001	-0.004	-0.065	-0.076	-0.042	-0.062	-0.050	-0.027	-0.025
145	-0.185	-0.009	0.043	-0.004	0.018	-0.001	-0.036	0.029	-0.043	0.130	0.109	0.110	0.158	0.103	-0.030	-0.016	1.000	0.082	0.029	0.015	-0.005	0.003	-0.037	0.003	-0.035	-0.007	0.003	0.052	0.064	-0.032	0.113	0.135	0.020	0.118	0.025	0.029	-0.033	0.106	0.065	0.066	0.004	0.034	0.031	0.080	0.161	0.125	0.006	0.120	0.100	-0.040	0.039	0.089	-0.046	0.158	0.092	-0.006	-0.017	-0.014	0.087	0.160	-0.079	-0.021	0.105	0.018	-0.013	-0.012	-0.064	0.057	0.019	0.080	0.046	-0.022	0.114	0.041	0.018	0.071	-0.005	0.001	-0.034	-0.049	-0.038	0.016	-0.018	0.124	-0.045	0.042	0.000	0.053	0.084	-0.025	-0.017	0.168	-0.055	0.043	0.063	0.140	-0.027	-0.016	0.022	-0.049	0.008	0.041	0.069	0.142	-0.110	-0.019	0.010	0.005	-0.064	0.050
147	-0.183	-0.015	-0.030	-0.029	0.091	0.039	-0.058	0.077	-0.050	0.156	0.120	0.092	0.102	0.049	0.005	-0.006	0.082	1.000	0.014	0.075	0.112	0.048	-0.036	-0.013	0.019	0.008	-0.055	0.076	0.081	-0.018	0.056	0.155	0.064	0.150	0.077	0.102	0.075	0.154	0.036	0.028	0.054	0.084	-0.054	0.066	0.061	0.086	0.005	0.135	0.077	0.017	0.158	0.009	-0.023	0.127	0.100	-0.004	-0.009	0.013	0.023	0.115	-0.076	0.016	0.100	0.024	-0.014	0.035	-0.067	0.027	-0.016	0.102	0.004	-0.022	0.061	0.055	-0.020	-0.021	0.076	-0.054	0.003	-0.022	-0.052	-0.003	0.044	0.101	-0.081	0.020	0.030	-0.039	0.121	-0.001	-0.014	0.042	-0.017	0.019	0.100	0.095	-0.026	-0.009	-0.015	-0.044	-0.023	-0.009	0.044	0.211	-0.089	-0.009	0.006	-0.001	-0.067	0.076
15	-0.180	-0.021	-0.043	0.010	0.130	0.265	-0.052	-0.004	-0.070	0.044	-0.066	0.067	-0.085	-0.037	-0.064	-0.026	0.029	0.014	1.000	0.233	-0.057	-0.054	-0.039	0.094	-0.070	-0.031	0.009	-0.015	0.035	-0.003	-0.032	0.041	-0.006	-0.010	0.006	0.138	-0.050	0.022	0.014	-0.028	-0.037	0.061	-0.066	-0.034	0.067	-0.051	-0.032	0.070	0.296	0.205	0.302	-0.040	-0.058	0.004	0.036	-0.019	0.126	-0.023	-0.025	0.113	-0.044	-0.020	-0.025	0.079	-0.065	0.010	0.003	0.295	-0.028	-0.010	0.032	0.044	-0.038	0.506	-0.053	-0.035	-0.058	-0.057	0.253	-0.037	-0.052	-0.042	0.010	0.164	-0.022	-0.010	-0.027	0.007	-0.013	-0.042	-0.032	-0.058	-0.055	-0.019	-0.025	-0.034	-0.046	-0.056	0.568	-0.038	-0.002	0.022	0.423	0.137	-0.045	-0.044	0.257	-0.022	-0.038	-0.037
156	-0.055	-0.095	-0.066	0.010	0.017	0.092	-0.091	0.010	-0.125	-0.064	-0.062	0.062	-0.010	-0.089	-0.047	0.187	0.015	0.075	0.233	1.000	-0.046	0.060	-0.045	-0.075	-0.044	0.088	0.028	0.079	-0.068	-0.060	-0.008	0.080	-0.023	-0.005	-0.113	-0.074	0.446	-0.098	0.041	0.055	-0.072	0.092	-0.025	-0.074	-0.063	-0.075	0.015	0.007	-0.034	-0.072	0.051	-0.062	-0.096	0.003	-0.152	0.029	-0.061	0.085	-0.075	0.171	-0.075	-0.055	-0.032	0.233	0.091	-0.004	-0.060	0.158	-0.062	0.018	0.011	0.018	-0.047	0.182	0.174	0.051	-0.002	-0.074	-0.074	-0.063	0.184	0.001	-0.043	-0.075	-0.067	-0.061	-0.099	0.024	-0.055	0.071	-0.054	-0.067	-0.022	-0.034	0.300	-0.071	-0.088	-0.069	0.242	0.179	-0.047	-0.045	0.100	-0.010	-0.104	0.010	0.119	0.009	-0.054	0.294
157	-0.174	-0.060	-0.038	-0.022	0.116	0.093	-0.018	0.052	0.057	0.481	0.275	0.043	-0.055	-0.014	0.281	-0.044	-0.005	0.112	-0.057	-0.046	1.000	0.144	-0.024	-0.014	0.072	0.006	-0.084	0.054	0.126	0.031	-0.062	-0.058	0.125	0.009	0.042	0.060	-0.053	0.106	0.019	0.276	-0.032	-0.060	-0.071	-0.008	-0.018	0.076	-0.068	0.297	-0.072	0.127	-0.013	-0.009	-0.065	0.037	-0.007	-0.001	-0.040	0.013	-0.029	0.017	-0.028	-0.038	0.008	-0.034	0.081	0.130	-0.039	-0.068	0.039	0.302	-0.094	-0.083	-0.061	0.198	0.245	-0.030	0.195	-0.077	-0.070	0.257	-0.052	0.087	0.255	0.101	-0.080	-0.027	-0.008	-0.091	0.060	-0.026	0.030	-0.001	-0.019	-0.026	-0.012	-0.091	-0.056	0.036	-0.046	-0.056	0.007	-0.056	0.109	0.127	0.007	-0.049	0.093	-0.054	-0.033	-0.032
16	-0.106	-0.068	-0.005	0.015	-0.051	0.093	-0.036	-0.007	-0.006	-0.010	0.109	0.017	-0.021	-0.042	0.238	0.002	0.003	0.048	-0.054	0.060	0.144	1.000	0.136	0.010	-0.056	-0.059	0.146	-0.074	0.192	0.123	-0.082	-0.014	-0.066	-0.112	-0.029	-0.061	0.017	-0.009	0.002	-0.065	-0.030	-0.049	-0.021	-0.056	-0.073	-0.026	-0.053	0.106	-0.090	0.095	0.075	-0.084	-0.033	0.303	-0.099	-0.023	0.050	-0.051	0.200	0.095	-0.077	0.339	-0.059	0.090	0.010	0.049	-0.043	-0.050	-0.018	0.310	0.047	-0.009	-0.011	-0.036	-0.004	-0.061	-0.028	-0.097	-0.087	-0.044	-0.079	0.036	-0.037	-0.065	-0.131	-0.022	0.010	-0.021	0.108	0.434	-0.049	-0.063	-0.051	-0.037	-0.059	0.021	-0.061	0.142	-0.059	-0.069	0.133	-0.080	0.017	-0.081	-0.082	0.251	-0.089	-0.075	0.132	-0.050
162	0.016	-0.001	-0.036	-0.020	-0.033	-0.057	-0.054	-0.022	0.220	-0.028	0.057	-0.052	-0.027	-0.043	0.018	-0.016	-0.037	-0.036	-0.039	-0.045	-0.024	0.136	1.000	0.119	-0.031	-0.026	-0.048	-0.073	0.012	-0.053	-0.052	-0.051	-0.063	-0.049	-0.033	-0.049	-0.024	-0.047	-0.003	-0.024	-0.005	0.293	-0.013	0.155	-0.000	-0.021	-0.029	-0.003	-0.047	-0.026	-0.029	-0.033	0.287	-0.009	-0.039	-0.021	-0.026	-0.028	-0.046	-0.029	-0.036	-0.043	-0.025	-0.020	0.003	-0.034	-0.018	0.139	0.059	0.304	0.054	-0.044	-0.037	-0.022	-0.025	0.004	-0.037	-0.049	-0.042	-0.018	-0.043	0.095	0.028	-0.017	-0.057	0.335	0.009	0.005	-0.063	-0.029	-0.023	-0.032	-0.045	-0.022	-0.006	-0.011	-0.032	0.005	-0.032	-0.023	0.126	-0.036	-0.047	-0.061	-0.032	-0.035	-0.066	0.016	0.983	-0.017
166	-0.126	-0.077	-0.071	0.145	-0.016	-0.124	0.038	-0.015	-0.022	-0.040	-0.086	0.024	-0.040	-0.026	-0.055	0.082	0.003	-0.013	0.094	-0.075	-0.014	0.010	0.119	1.000	-0.014	-0.045	0.399	-0.024	-0.001	-0.074	-0.041	-0.020	0.045	-0.062	-0.066	-0.070	-0.056	-0.050	0.160	-0.014	-0.041	0.108	-0.075	0.020	-0.071	0.011	-0.030	-0.014	0.003	-0.032	0.202	0.041	0.148	0.006	-0.008	-0.039	-0.023	-0.003	-0.060	-0.097	-0.032	-0.021	-0.014	-0.026	0.152	0.143	-0.050	-0.027	0.040	0.079	0.181	0.048	0.020	0.065	-0.079	-0.047	-0.014	0.013	-0.049	-0.040	-0.037	0.081	-0.059	-0.036	0.169	0.007	-0.052	0.232	-0.037	0.038	-0.038	-0.014	0.037	-0.022	-0.036	-0.036	0.028	-0.010	-0.040	-0.057	-0.017	0.081	0.030	0.049	-0.037	-0.060	-0.093	-0.027	0.099	-0.038
167	-0.127	0.104	-0.087	-0.005	-0.022	-0.115	-0.053	-0.025	-0.020	-0.037	-0.032	0.137	0.190	-0.084	0.034	-0.030	-0.035	0.019	-0.070	-0.044	0.072	-0.056	-0.031	-0.014	1.000	-0.047	0.109	0.086	-0.077	0.004	-0.064	-0.034	-0.067	-0.043	-0.038	-0.011	-0.059	0.166	-0.063	0.139	-0.013	0.032	-0.040	-0.074	-0.071	0.068	-0.064	-0.040	-0.084	-0.061	-0.071	0.068	-0.057	0.025	-0.056	0.023	-0.044	-0.039	-0.075	-0.091	-0.024	0.353	-0.054	-0.036	-0.055	0.309	-0.039	0.002	0.033	-0.059	-0.010	-0.069	-0.066	-0.070	0.266	-0.055	-0.060	-0.020	-0.074	-0.025	-0.065	0.004	0.190	-0.082	-0.079	-0.072	0.207	-0.077	0.015	-0.064	-0.037	0.036	0.022	-0.044	0.029	0.082	-0.044	-0.026	-0.041	-0.050	-0.061	-0.054	0.129	-0.046	-0.072	0.096	-0.104	-0.022	-0.036	0.002
168	-0.000	-0.040	-0.003	-0.027	-0.026	-0.035	0.010	0.058	0.151	-0.029	-0.034	-0.036	0.074	-0.040	-0.042	-0.035	-0.007	0.008	-0.031	0.088	0.006	-0.059	-0.026	-0.045	-0.047	1.000	-0.052	0.017	-0.052	-0.041	-0.050	-0.057	-0.051	0.266	-0.036	-0.040	0.002	-0.065	0.073	-0.033	-0.024	-0.049	0.045	0.126	-0.054	-0.059	-0.039	-0.033	-0.042	-0.045	-0.038	-0.006	-0.008	-0.040	-0.059	-0.016	-0.021	0.927	0.173	-0.019	-0.041	0.018	-0.039	-0.017	-0.042	-0.033	0.000	-0.026	-0.022	-0.019	-0.048	-0.039	0.015	-0.050	-0.009	-0.027	-0.037	-0.050	-0.028	-0.021	-0.033	-0.048	-0.030	-0.051	-0.053	-0.010	-0.039	0.001	-0.002	-0.039	-0.020	0.033	0.019	-0.009	-0.037	0.057	-0.033	0.020	-0.024	0.000	-0.014	-0.050	-0.056	0.041	0.107	-0.038	-0.067	-0.017	-0.019	-0.010
17	-0.256	0.281	0.031	0.100	-0.047	-0.068	-0.001	-0.042	-0.066	-0.057	0.004	-0.068	0.238	0.010	-0.077	0.009	0.003	-0.055	0.009	0.028	-0.084	0.146	-0.048	0.399	0.109	-0.052	1.000	-0.038	-0.068	0.073	0.012	-0.075	-0.071	-0.077	-0.060	-0.068	-0.038	0.007	0.125	-0.095	-0.061	0.152	-0.075	-0.102	-0.095	0.038	-0.084	-0.085	-0.051	-0.080	0.025	-0.037	-0.065	0.044	-0.066	0.064	-0.052	-0.051	-0.022	0.021	0.008	0.063	-0.013	0.281	-0.041	0.378	-0.041	0.000	0.105	0.034	0.014	-0.097	-0.102	-0.016	-0.065	-0.059	-0.086	-0.053	-0.063	-0.031	-0.088	0.067	-0.069	-0.008	-0.082	0.067	-0.088	0.149	0.103	0.039	0.131	0.246	-0.015	-0.016	-0.086	-0.084	0.033	-0.059	-0.059	-0.062	-0.040	-0.059	-0.061	-0.009	-0.051	-0.065	-0.008	0.180	-0.045	-0.074
18	0.071	0.029	-0.105	-0.072	0.010	-0.053	-0.129	-0.103	-0.010	0.058	0.115	0.000	0.073	-0.087	-0.050	-0.055	0.052	0.076	-0.015	0.079	0.054	-0.074	-0.073	-0.024	0.086	0.017	-0.038	1.000	0.103	-0.103	-0.088	-0.070	0.333	0.258	0.171	0.150	-0.023	-0.031	0.121	0.357	-0.055	0.149	0.144	0.073	0.028	0.099	-0.083	-0.011	-0.082	-0.100	0.187	-0.077	-0.023	0.022	0.060	-0.066	-0.075	0.012	-0.086	0.054	-0.099	0.143	0.110	-0.020	0.069	-0.020	-0.038	0.122	-0.005	0.024	0.136	0.030	0.102	0.116	0.017	-0.030	0.155	-0.033	-0.099	-0.062	-0.095	0.250	-0.070	-0.106	-0.119	-0.040	0.069	0.013	-0.011	-0.043	-0.048	0.007	-0.069	-0.007	-0.102	0.068	-0.102	-0.018	0.047	-0.006	-0.041	-0.089	0.052	0.227	-0.036	-0.065	0.013	-0.050	-0.059	0.411
188	-0.140	-0.069	-0.051	0.046	-0.036	0.003	-0.037	0.374	-0.064	0.234	-0.009	-0.084	-0.104	-0.069	-0.064	-0.068	0.064	0.081	0.035	-0.068	0.126	0.192	0.012	-0.001	-0.077	-0.052	-0.068	0.103	1.000	-0.075	-0.084	-0.118	-0.032	-0.017	0.002	0.078	-0.063	-0.023	-0.062	0.055	-0.047	-0.041	-0.052	-0.060	-0.028	-0.018	-0.008	-0.061	-0.029	0.233	0.140	-0.073	-0.001	0.015	0.049	0.016	-0.003	-0.047	-0.016	0.407	0.010	-0.040	-0.030	-0.021	-0.026	-0.065	-0.043	-0.032	-0.016	0.364	-0.034	-0.017	-0.029	0.143	-0.052	-0.049	-0.054	-0.051	0.213	-0.028	-0.037	0.120	-0.029	0.024	-0.032	-0.028	-0.004	-0.090	-0.041	-0.045	-0.045	-0.065	0.030	-0.030	0.143	0.552	0.333	0.092	-0.050	-0.061	0.007	-0.077	0.315	0.065	-0.023	-0.046	0.141	-0.049	0.020	0.033
19	0.029	-0.005	0.314	-0.084	-0.062	0.129	0.118	-0.043	-0.005	0.111	0.034	0.150	-0.059	-0.031	-0.115	0.051	-0.032	-0.018	-0.003	-0.060	0.031	0.123	-0.053	-0.074	0.004	-0.041	0.073	-0.103	-0.075	1.000	-0.035	-0.068	-0.075	0.023	-0.094	-0.052	-0.100	-0.062	-0.065	-0.058	0.047	0.044	0.031	0.221	-0.037	-0.137	-0.067	0.077	-0.030	-0.071	-0.105	-0.049	-0.000	0.172	-0.125	-0.039	-0.044	-0.040	0.179	0.002	-0.085	0.184	-0.064	-0.062	0.031	0.055	-0.047	0.070	-0.066	-0.064	0.040	-0.007	-0.014	0.060	0.076	-0.086	-0.071	0.187	-0.056	-0.067	0.114	-0.024	-0.032	0.018	-0.070	0.143	-0.005	-0.077	-0.031	0.108	-0.030	0.261	-0.010	-0.009	-0.071	-0.003	0.014	-0.114	0.041	-0.045	-0.003	-0.001	0.111	0.058	-0.096	0.006	0.024	-0.045	-0.045	-0.056
194	-0.162	-0.065	0.137	-0.074	0.504	0.106	0.149	0.186	-0.087	0.015	0.010	-0.029	-0.098	0.529	-0.042	0.130	0.113	0.056	-0.032	-0.008	-0.062	-0.082	-0.052	-0.041	-0.064	-0.050	0.012	-0.088	-0.084	-0.035	1.000	0.317	0.107	0.033	-0.052	0.106	-0.049	0.079	-0.067	0.025	0.139	-0.055	-0.068	-0.025	0.005	0.094	0.114	-0.007	0.160	0.321	-0.008	0.064	0.031	0.039	0.394	0.158	-0.052	-0.044	-0.016	-0.050	-0.069	-0.052	0.423	-0.044	-0.026	-0.068	-0.034	-0.004	-0.053	0.011	0.006	-0.067	0.138	0.031	-0.029	-0.010	0.297	-0.063	0.020	-0.047	-0.064	-0.077	-0.061	-0.064	-0.074	-0.013	-0.082	0.147	0.019	-0.067	-0.038	-0.001	0.046	0.550	-0.082	-0.022	0.074	0.131	-0.028	-0.041	-0.062	-0.014	-0.019	0.066	-0.058	-0.040	-0.096	0.091	-0.041	-0.010
2	-0.153	0.088	0.009	-0.127	0.226	0.076	-0.103	-0.034	-0.107	0.048	-0.014	0.142	0.149	0.125	-0.093	0.104	0.135	0.155	0.041	0.080	-0.058	-0.014	-0.051	-0.020	-0.034	-0.057	-0.075	-0.070	-0.118	-0.068	0.317	1.000	-0.004	0.059	-0.148	0.101	0.137	0.161	-0.017	0.021	0.240	-0.044	-0.018	0.005	0.045	-0.029	0.032	0.420	0.135	0.066	-0.062	0.226	-0.104	0.086	0.171	-0.056	-0.075	-0.023	0.158	0.073	-0.082	-0.101	0.148	-0.063	-0.087	-0.046	-0.070	0.157	0.009	0.038	-0.026	-0.019	0.172	-0.020	0.090	-0.063	0.065	0.020	-0.073	-0.063	-0.011	-0.091	-0.074	0.195	-0.012	-0.027	-0.129	0.143	0.340	-0.068	-0.037	0.121	-0.039	0.104	0.132	0.106	-0.082	0.067	0.037	-0.089	0.220	-0.071	-0.050	0.078	-0.141	-0.056	-0.080	0.092	-0.075	0.047
20	0.038	-0.061	-0.118	-0.028	0.372	0.029	-0.056	0.033	-0.017	-0.038	-0.023	0.020	-0.061	-0.047	-0.003	-0.039	0.020	0.064	-0.006	-0.023	0.125	-0.066	-0.063	0.045	-0.067	-0.051	-0.071	0.333	-0.032	-0.075	0.107	-0.004	1.000	0.079	-0.022	-0.083	-0.016	-0.035	0.056	0.467	-0.055	0.246	0.119	-0.032	-0.042	0.068	0.029	-0.064	0.081	-0.073	0.005	-0.057	-0.087	-0.031	0.189	-0.045	-0.048	-0.058	-0.088	-0.047	-0.086	-0.050	0.021	0.064	0.039	-0.043	-0.063	0.131	-0.054	-0.072	-0.064	0.003	-0.073	0.130	0.009	0.047	0.453	-0.061	-0.091	-0.052	-0.056	0.218	-0.067	0.130	0.172	-0.076	-0.084	-0.021	-0.055	-0.111	-0.056	-0.066	-0.044	-0.026	-0.067	-0.101	-0.089	-0.070	-0.065	0.185	0.029	0.059	0.089	0.053	-0.006	-0.089	-0.101	-0.082	-0.051	0.243
200	-0.132	-0.073	-0.016	-0.055	0.081	0.017	0.016	-0.078	-0.091	-0.018	0.384	0.273	-0.010	0.011	-0.042	-0.051	0.118	0.150	-0.010	-0.005	0.009	-0.112	-0.049	-0.062	-0.043	0.266	-0.077	0.258	-0.017	0.023	0.033	0.059	0.079	1.000	0.420	0.345	0.006	0.336	0.262	0.277	-0.040	0.051	0.016	0.390	0.261	0.301	0.099	-0.017	-0.003	0.032	0.118	0.323	-0.034	0.092	-0.010	-0.024	-0.020	0.288	0.078	0.023	-0.021	0.018	0.306	-0.027	-0.050	-0.041	-0.043	0.035	-0.044	0.173	0.004	-0.066	0.049	-0.034	-0.021	-0.045	-0.064	0.180	0.190	-0.036	0.094	0.124	-0.051	-0.058	-0.059	0.045	-0.071	-0.084	-0.056	-0.070	-0.027	0.013	-0.047	0.095	-0.049	-0.029	-0.039	-0.065	0.169	-0.018	-0.057	-0.039	-0.077	0.514	-0.090	-0.074	-0.080	0.081	-0.034	0.166
206	-0.097	-0.054	-0.035	-0.085	-0.052	0.076	-0.078	0.069	-0.043	-0.038	0.454	-0.066	0.230	-0.029	0.030	0.131	0.025	0.077	0.006	-0.113	0.042	-0.029	-0.033	-0.066	-0.038	-0.036	-0.060	0.171	0.002	-0.094	-0.052	-0.148	-0.022	0.420	1.000	0.396	-0.034	0.149	0.279	-0.061	-0.050	-0.085	-0.030	0.191	0.309	0.467	-0.061	-0.012	-0.028	-0.056	0.103	-0.057	-0.063	-0.034	0.014	-0.032	0.452	-0.030	-0.051	-0.017	0.016	-0.008	0.400	-0.035	-0.055	-0.008	0.000	-0.069	-0.039	0.169	-0.066	0.091	0.074	-0.006	-0.045	-0.051	-0.068	-0.028	-0.018	0.054	-0.068	-0.060	0.174	-0.039	0.012	-0.025	0.081	0.021	-0.008	-0.072	0.011	-0.034	-0.058	-0.052	-0.035	-0.044	-0.047	-0.050	-0.013	-0.053	-0.019	-0.095	-0.102	0.364	-0.021	-0.042	0.035	-0.056	-0.044	-0.057
21	-0.084	-0.072	-0.059	-0.082	-0.017	0.048	-0.030	-0.054	-0.029	-0.022	0.357	-0.082	-0.043	0.176	-0.040	-0.060	0.029	0.102	0.138	-0.074	0.060	-0.061	-0.049	-0.070	-0.011	-0.040	-0.068	0.150	0.078	-0.052	0.106	0.101	-0.083	0.345	0.396	1.000	-0.080	0.060	0.202	-0.031	-0.061	-0.036	-0.064	0.124	0.139	0.297	-0.076	0.072	0.152	0.153	0.060	-0.051	-0.088	0.014	0.019	-0.007	-0.025	-0.023	0.399	0.067	-0.029	-0.068	0.381	-0.042	-0.052	-0.047	-0.028	-0.045	-0.008	0.179	-0.084	-0.048	-0.004	0.034	-0.033	-0.058	0.074	-0.047	-0.007	0.010	0.006	-0.057	0.045	-0.096	-0.071	0.174	-0.000	-0.019	0.148	-0.047	0.038	-0.112	-0.047	0.211	0.170	0.159	-0.065	-0.007	0.081	-0.045	-0.001	-0.110	0.015	0.273	-0.051	-0.001	0.033	-0.063	-0.048	-0.055
210	-0.069	0.021	-0.059	0.019	-0.042	0.163	-0.054	0.050	-0.050	-0.037	-0.063	-0.072	0.118	-0.047	-0.063	-0.046	-0.033	0.075	-0.050	0.446	-0.053	0.017	-0.024	-0.056	-0.059	0.002	-0.038	-0.023	-0.063	-0.100	-0.049	0.137	-0.016	0.006	-0.034	-0.080	1.000	-0.072	0.197	0.008	0.007	0.196	-0.053	-0.067	-0.044	-0.060	0.002	-0.046	-0.003	-0.049	0.053	-0.039	-0.048	0.011	-0.090	-0.026	-0.025	-0.027	-0.034	-0.003	0.151	-0.062	-0.035	0.023	0.028	-0.036	-0.025	-0.048	-0.029	-0.029	0.038	-0.049	0.005	-0.019	0.351	-0.024	-0.031	-0.053	-0.034	-0.030	0.028	-0.031	-0.034	-0.048	-0.047	-0.025	-0.049	-0.047	-0.042	0.006	-0.025	-0.039	-0.051	-0.020	0.505	-0.043	-0.041	-0.010	0.010	-0.029	-0.044	-0.064	-0.068	-0.056	-0.043	-0.047	-0.073	-0.034	-0.025	-0.016
22	-0.308	-0.042	0.053	-0.056	0.194	0.072	-0.078	0.021	-0.108	0.183	0.125	0.480	-0.014	0.071	0.057	-0.030	0.106	0.154	0.022	-0.098	0.106	-0.009	-0.047	-0.050	0.166	-0.065	0.007	-0.031	-0.023	-0.062	0.079	0.161	-0.035	0.336	0.149	0.060	-0.072	1.000	-0.009	0.132	0.045	-0.059	-0.032	-0.058	0.015	0.176	-0.020	0.064	-0.045	0.050	0.009	0.501	-0.083	0.099	0.039	-0.035	-0.003	-0.053	-0.118	0.103	-0.072	0.244	0.025	0.051	-0.082	-0.019	-0.057	-0.056	-0.064	0.098	-0.037	-0.079	-0.023	-0.046	-0.030	0.045	-0.043	-0.028	0.148	-0.048	-0.100	-0.055	0.279	0.004	0.004	0.035	0.232	0.009	-0.006	-0.058	0.182	-0.011	-0.067	0.067	-0.017	-0.042	-0.002	-0.049	0.122	0.027	-0.012	-0.046	-0.027	0.241	-0.071	0.046	0.053	0.247	-0.055	0.022
222	-0.175	-0.006	-0.023	0.123	-0.072	0.146	-0.037	-0.094	0.191	-0.056	0.422	0.106	0.045	0.131	-0.049	0.020	0.065	0.036	0.014	0.041	0.019	0.002	-0.003	0.160	-0.063	0.073	0.125	0.121	-0.062	-0.065	-0.067	-0.017	0.056	0.262	0.279	0.202	0.197	-0.009	1.000	0.012	-0.051	0.155	-0.035	0.079	0.078	0.180	0.052	-0.020	0.205	-0.108	0.059	-0.054	-0.090	0.096	-0.031	-0.048	0.022	0.070	-0.094	-0.125	-0.046	-0.051	0.236	-0.042	0.079	0.067	-0.024	-0.081	0.515	0.100	0.061	-0.084	-0.035	-0.014	0.242	-0.000	-0.030	-0.073	-0.084	-0.013	-0.032	0.300	-0.068	0.029	0.003	0.011	-0.073	0.060	-0.127	-0.090	0.230	-0.033	-0.077	-0.039	-0.015	-0.086	-0.051	-0.037	-0.018	-0.011	0.001	-0.023	0.158	0.326	-0.084	0.020	0.046	-0.000	-0.052	0.003
224	-0.075	-0.071	-0.050	-0.064	0.224	-0.017	-0.102	-0.009	0.024	0.039	-0.045	0.170	-0.106	0.005	0.118	-0.018	0.066	0.028	-0.028	0.055	0.276	-0.065	-0.024	-0.014	0.139	-0.033	-0.095	0.357	0.055	-0.058	0.025	0.021	0.467	0.277	-0.061	-0.031	0.008	0.132	0.012	1.000	-0.049	0.299	-0.054	-0.011	-0.043	0.071	-0.002	0.008	0.052	-0.040	0.014	0.237	-0.032	0.013	0.045	-0.032	-0.039	-0.041	-0.046	-0.075	-0.012	-0.050	-0.044	-0.030	-0.039	0.008	-0.020	0.185	-0.006	-0.034	-0.042	-0.073	-0.064	0.028	0.375	-0.022	0.145	-0.055	-0.037	-0.035	-0.045	0.493	0.263	-0.003	-0.083	-0.007	-0.032	-0.067	-0.061	-0.059	0.040	-0.029	-0.058	-0.002	0.004	-0.060	-0.009	-0.022	-0.025	-0.053	-0.010	-0.066	0.112	0.218	-0.008	-0.023	-0.053	-0.059	-0.013	0.460
226	-0.013	0.229	-0.061	-0.055	-0.035	-0.009	-0.019	-0.068	-0.050	-0.030	0.037	0.074	-0.032	-0.051	-0.047	-0.040	0.004	0.054	-0.037	-0.072	-0.032	-0.030	-0.005	-0.041	-0.013	-0.024	-0.061	-0.055	-0.047	0.047	0.139	0.240	-0.055	-0.040	-0.050	-0.061	0.007	0.045	-0.051	-0.049	1.000	-0.042	-0.033	-0.066	0.018	-0.066	-0.042	-0.028	-0.048	-0.013	0.077	-0.030	-0.039	-0.018	-0.079	-0.022	-0.022	-0.021	-0.051	-0.066	-0.035	-0.033	-0.024	-0.016	-0.048	0.014	-0.019	-0.027	-0.023	-0.017	0.285	-0.022	0.649	0.033	-0.045	-0.030	-0.045	-0.028	-0.040	-0.021	-0.036	-0.018	-0.029	-0.054	0.016	-0.040	-0.037	-0.050	0.088	0.063	-0.020	-0.012	-0.040	-0.014	-0.051	0.207	-0.033	-0.040	-0.020	-0.028	-0.040	-0.055	-0.053	0.216	-0.030	-0.038	-0.068	0.011	-0.021	-0.011
227	-0.017	0.159	-0.126	-0.006	-0.038	-0.080	-0.067	0.009	0.008	-0.061	-0.067	0.155	0.304	-0.007	-0.050	-0.046	0.034	0.084	0.061	0.092	-0.060	-0.049	0.293	0.108	0.032	-0.049	0.152	0.149	-0.041	0.044	-0.055	-0.044	0.246	0.051	-0.085	-0.036	0.196	-0.059	0.155	0.299	-0.042	1.000	-0.073	0.032	-0.059	-0.032	-0.002	-0.053	0.267	-0.082	0.012	-0.025	0.050	0.093	-0.147	-0.039	-0.042	-0.041	0.028	-0.015	-0.085	-0.016	-0.036	-0.038	0.001	0.060	0.089	0.181	0.039	0.067	-0.042	-0.092	-0.050	0.029	-0.062	0.003	-0.065	-0.101	-0.088	-0.046	-0.060	0.247	-0.057	0.156	-0.069	0.245	-0.083	-0.041	-0.043	-0.072	-0.021	0.051	-0.076	-0.032	0.206	-0.066	-0.080	-0.048	-0.064	-0.069	0.031	0.157	0.304	0.217	-0.033	-0.046	-0.087	-0.029	0.312	0.229
229	0.099	0.006	0.003	-0.065	-0.057	-0.063	0.031	-0.063	-0.089	-0.051	0.130	-0.005	-0.060	-0.010	0.093	-0.037	0.031	-0.054	-0.066	-0.025	-0.071	-0.021	-0.013	-0.075	-0.040	0.045	-0.075	0.144	-0.052	0.031	-0.068	-0.018	0.119	0.016	-0.030	-0.064	-0.053	-0.032	-0.035	-0.054	-0.033	-0.073	1.000	0.105	0.049	0.063	-0.034	-0.017	-0.078	-0.058	0.009	-0.051	-0.042	-0.029	-0.024	-0.032	-0.037	0.044	-0.005	-0.082	-0.066	-0.055	-0.047	-0.029	0.003	-0.058	-0.032	-0.072	-0.040	-0.058	0.004	-0.053	-0.017	-0.070	-0.007	0.422	0.345	0.137	-0.025	-0.040	0.121	-0.073	-0.051	0.013	-0.104	-0.025	-0.051	0.291	-0.076	-0.039	-0.014	-0.042	-0.052	0.003	-0.027	-0.038	-0.044	0.031	-0.046	-0.045	0.008	0.209	0.048	-0.097	-0.055	-0.062	0.004	0.046	-0.038	-0.051
23	-0.075	-0.066	-0.097	-0.010	0.052	-0.048	0.110	0.048	-0.059	-0.021	0.088	0.142	0.095	-0.076	-0.009	0.008	0.080	0.066	-0.034	-0.074	-0.008	-0.056	0.155	0.020	-0.074	0.126	-0.102	0.073	-0.060	0.221	-0.025	0.005	-0.032	0.390	0.191	0.124	-0.067	-0.058	0.079	-0.011	-0.066	0.032	0.105	1.000	0.387	0.118	0.020	-0.001	0.015	-0.043	0.217	-0.042	0.063	0.056	0.092	0.006	0.095	0.147	0.375	0.098	-0.081	-0.005	0.098	-0.034	0.197	0.033	-0.051	0.168	-0.052	0.089	0.363	-0.002	0.103	-0.052	-0.044	-0.056	0.106	0.459	0.028	-0.033	0.416	-0.081	-0.010	0.119	-0.087	0.130	-0.090	-0.111	-0.054	-0.078	-0.014	0.171	-0.045	-0.037	-0.018	-0.062	-0.067	-0.071	0.009	-0.062	0.033	0.088	-0.007	0.089	-0.102	0.163	-0.017	-0.043	0.154	-0.034
234	-0.181	0.097	-0.072	-0.083	0.096	0.031	-0.046	0.038	-0.079	0.079	0.227	-0.035	0.347	-0.080	-0.073	0.101	0.161	0.061	0.067	-0.063	-0.018	-0.073	-0.000	-0.071	-0.071	-0.054	-0.095	0.028	-0.028	-0.037	0.005	0.045	-0.042	0.261	0.309	0.139	-0.044	0.015	0.078	-0.043	0.018	-0.059	0.049	0.387	1.000	0.585	-0.058	-0.016	0.031	0.086	0.117	-0.045	0.003	0.098	0.325	-0.029	0.243	-0.046	0.145	0.093	-0.080	-0.069	0.181	-0.041	0.022	0.044	-0.049	0.244	-0.054	0.057	0.032	0.001	0.008	-0.001	-0.092	0.159	0.104	0.049	0.142	-0.037	0.066	0.030	-0.067	0.297	-0.054	-0.034	0.325	-0.063	-0.014	0.040	-0.047	0.325	-0.056	-0.005	0.002	0.083	-0.065	0.060	0.018	-0.046	-0.036	0.105	-0.040	0.220	-0.112	0.159	-0.025	-0.010	-0.051	0.138
235	-0.091	-0.070	-0.085	-0.013	0.283	-0.057	-0.127	0.191	-0.083	0.067	0.414	-0.016	0.253	-0.083	-0.014	0.147	0.125	0.086	-0.051	-0.075	0.076	-0.026	-0.021	0.011	0.068	-0.059	0.038	0.099	-0.018	-0.137	0.094	-0.029	0.068	0.301	0.467	0.297	-0.060	0.176	0.180	0.071	-0.066	-0.032	0.063	0.118	0.585	1.000	-0.021	0.034	-0.085	-0.095	0.032	0.066	-0.096	0.080	0.362	-0.038	0.283	-0.052	-0.022	-0.017	-0.072	-0.062	0.254	0.175	-0.078	-0.008	-0.052	-0.090	-0.049	0.124	-0.084	-0.073	-0.069	-0.078	0.039	0.130	0.116	-0.060	-0.050	-0.048	-0.091	0.022	0.071	0.086	-0.128	0.009	0.336	-0.026	0.060	-0.074	-0.043	0.005	-0.066	-0.028	-0.059	0.063	0.021	0.102	-0.049	-0.058	-0.047	0.005	0.030	0.323	-0.099	-0.065	-0.112	-0.056	-0.056	0.078
24	0.001	-0.063	0.010	-0.012	-0.027	-0.092	0.041	0.135	-0.050	-0.014	0.152	0.067	-0.063	-0.009	-0.051	-0.054	0.006	0.005	-0.032	0.015	-0.068	-0.053	-0.029	-0.030	-0.064	-0.039	-0.084	-0.083	-0.008	-0.067	0.114	0.032	0.029	0.099	-0.061	-0.076	0.002	-0.020	0.052	-0.002	-0.042	-0.002	-0.034	0.020	-0.058	-0.021	1.000	-0.047	-0.032	0.122	-0.028	0.058	0.298	-0.021	-0.028	-0.029	-0.018	-0.027	-0.024	-0.040	-0.044	-0.039	-0.017	-0.027	-0.014	-0.044	-0.031	-0.057	-0.018	-0.049	-0.038	0.014	-0.046	-0.032	-0.041	-0.037	-0.071	0.062	0.178	0.000	0.021	-0.058	-0.041	-0.039	-0.074	-0.048	-0.053	-0.033	-0.053	-0.051	-0.031	-0.046	-0.060	-0.024	-0.011	-0.006	0.367	0.173	-0.033	0.036	-0.023	-0.067	-0.036	-0.035	0.050	-0.052	0.004	-0.063	-0.029	0.036
240	-0.129	-0.001	0.012	-0.030	0.025	0.128	-0.041	0.008	-0.020	0.462	0.222	0.047	0.216	0.002	-0.031	0.087	0.120	0.135	0.070	0.007	0.297	0.106	-0.003	-0.014	-0.040	-0.033	-0.085	-0.011	-0.061	0.077	-0.007	0.420	-0.064	-0.017	-0.012	0.072	-0.046	0.064	-0.020	0.008	-0.028	-0.053	-0.017	-0.001	-0.016	0.034	-0.047	1.000	-0.022	-0.086	-0.026	-0.029	-0.060	0.050	0.025	-0.009	0.073	-0.037	0.028	-0.009	-0.075	-0.057	-0.011	-0.018	-0.063	0.072	-0.042	0.034	0.032	0.079	-0.057	0.034	-0.007	0.063	0.017	-0.055	-0.055	-0.036	-0.047	-0.039	-0.063	0.018	0.038	0.086	-0.062	0.033	-0.003	-0.016	0.381	-0.026	0.006	0.004	-0.058	-0.021	0.035	0.084	-0.067	0.076	0.069	-0.048	0.544	-0.048	0.017	0.061	-0.093	-0.032	0.136	-0.043	-0.037	0.021
244	-0.147	-0.058	-0.048	-0.046	-0.029	0.059	-0.057	-0.056	-0.064	-0.011	-0.108	0.342	-0.018	0.378	-0.084	-0.037	0.100	0.077	0.296	-0.034	-0.072	-0.090	-0.047	0.003	-0.084	-0.042	-0.051	-0.082	-0.029	-0.030	0.160	0.135	0.081	-0.003	-0.028	0.152	-0.003	-0.045	0.205	0.052	-0.048	0.267	-0.078	0.015	0.031	-0.085	-0.032	-0.022	1.000	0.047	0.092	0.110	-0.064	0.004	0.025	-0.010	0.030	-0.044	0.164	0.025	0.094	0.043	0.432	-0.014	-0.044	0.083	0.093	0.156	-0.050	-0.013	-0.030	-0.044	-0.057	0.056	0.004	-0.041	-0.026	-0.049	0.115	-0.042	-0.017	-0.047	-0.056	0.274	0.064	0.008	-0.058	0.357	-0.034	-0.063	-0.036	0.034	0.033	-0.026	0.014	-0.057	-0.065	0.216	0.059	-0.051	-0.002	0.007	0.361	0.156	-0.023	-0.013	0.037	0.033	-0.035	0.016
25	-0.160	0.037	0.023	-0.013	-0.033	0.323	0.157	0.078	-0.088	0.031	-0.040	-0.070	-0.115	0.349	-0.043	-0.068	-0.040	0.017	0.205	-0.072	0.127	0.095	-0.026	-0.032	-0.061	-0.045	-0.080	-0.100	0.233	-0.071	0.321	0.066	-0.073	0.032	-0.056	0.153	-0.049	0.050	-0.108	-0.040	-0.013	-0.082	-0.058	-0.043	0.086	-0.095	0.122	-0.086	0.047	1.000	0.238	0.003	0.138	-0.064	0.040	0.063	0.090	-0.032	-0.009	0.081	-0.063	-0.087	0.179	-0.031	-0.031	-0.055	-0.033	-0.044	-0.041	0.388	0.062	-0.011	-0.051	0.007	-0.040	-0.050	-0.054	-0.029	0.351	-0.016	-0.039	-0.030	-0.051	0.161	-0.042	-0.033	-0.070	-0.080	-0.036	0.011	-0.033	-0.046	0.046	0.594	-0.036	-0.084	0.124	0.028	-0.044	-0.009	-0.061	-0.038	0.054	0.016	-0.023	0.001	0.061	-0.057	-0.027	-0.027
256	-0.135	-0.031	-0.038	0.145	-0.028	0.224	-0.096	0.011	-0.073	0.111	0.076	-0.036	-0.058	-0.039	-0.024	-0.021	0.039	0.158	0.302	0.051	-0.013	0.075	-0.029	0.202	-0.071	-0.038	0.025	0.187	0.140	-0.105	-0.008	-0.062	0.005	0.118	0.103	0.060	0.053	0.009	0.059	0.014	0.077	0.012	0.009	0.217	0.117	0.032	-0.028	-0.026	0.092	0.238	1.000	-0.003	-0.041	0.037	0.008	0.122	0.114	0.029	-0.049	0.084	-0.065	-0.055	0.069	0.193	0.427	0.146	-0.042	-0.016	-0.018	0.144	0.639	-0.070	0.283	0.011	-0.067	-0.050	-0.028	-0.051	0.206	-0.039	-0.076	0.003	-0.049	0.131	0.045	-0.022	-0.064	-0.002	0.103	-0.054	-0.027	0.044	0.052	-0.007	0.037	0.029	-0.055	-0.028	-0.012	-0.048	-0.031	0.126	-0.029	0.107	-0.068	-0.061	0.106	-0.048	-0.035	0.073
259	-0.139	-0.049	0.041	-0.032	0.204	-0.071	-0.058	-0.066	-0.008	-0.012	-0.068	0.550	-0.090	0.133	0.015	-0.023	0.089	0.009	-0.040	-0.062	-0.009	-0.084	-0.033	0.041	0.068	-0.006	-0.037	-0.077	-0.073	-0.049	0.064	0.226	-0.057	0.323	-0.057	-0.051	-0.039	0.501	-0.054	0.237	-0.030	-0.025	-0.051	-0.042	-0.045	0.066	0.058	-0.029	0.110	0.003	-0.003	1.000	0.222	0.105	0.024	0.179	-0.024	-0.028	0.008	-0.031	0.004	-0.016	0.129	-0.017	-0.046	-0.046	-0.024	-0.045	-0.023	-0.021	0.059	0.207	-0.036	0.052	0.037	-0.038	-0.049	0.165	-0.043	-0.029	-0.047	0.003	0.026	-0.051	-0.015	0.104	-0.050	0.103	-0.064	0.166	-0.012	0.024	0.084	0.004	-0.007	-0.061	-0.022	0.073	-0.038	-0.037	-0.037	0.096	-0.027	0.148	-0.011	-0.037	-0.012	-0.058	-0.023	0.006
26	-0.049	-0.033	0.068	-0.056	-0.049	-0.083	-0.029	0.109	-0.001	-0.011	-0.039	-0.044	-0.060	-0.033	-0.025	-0.056	-0.046	-0.023	-0.058	-0.096	-0.065	-0.033	0.287	0.148	-0.057	-0.008	-0.065	-0.023	-0.001	-0.000	0.031	-0.104	-0.087	-0.034	-0.063	-0.088	-0.048	-0.083	-0.090	-0.032	-0.039	0.050	-0.042	0.063	0.003	-0.096	0.298	-0.060	-0.064	0.138	-0.041	0.222	1.000	-0.026	0.000	0.065	-0.031	-0.004	0.073	-0.035	-0.040	-0.065	-0.049	-0.024	-0.041	-0.045	-0.031	0.046	-0.036	0.063	0.248	0.606	-0.044	-0.001	-0.033	-0.045	-0.062	0.302	0.113	-0.011	-0.010	-0.022	-0.021	-0.001	-0.060	0.052	-0.047	-0.066	-0.094	0.455	-0.028	0.110	0.006	-0.029	-0.035	0.001	0.309	0.114	-0.041	-0.040	-0.011	0.125	-0.045	-0.079	0.007	-0.050	0.029	-0.053	0.300	-0.047
265	-0.142	-0.043	0.100	0.030	0.095	-0.010	-0.074	0.038	0.064	0.042	0.117	0.180	0.083	-0.019	-0.054	-0.017	0.158	0.127	0.004	0.003	0.037	0.303	-0.009	0.006	0.025	-0.040	0.044	0.022	0.015	0.172	0.039	0.086	-0.031	0.092	-0.034	0.014	0.011	0.099	0.096	0.013	-0.018	0.093	-0.029	0.056	0.098	0.080	-0.021	0.050	0.004	-0.064	0.037	0.105	-0.026	1.000	-0.010	-0.050	-0.028	-0.044	0.245	0.153	-0.074	0.235	0.016	-0.016	0.003	0.035	-0.061	0.149	0.145	0.012	0.009	-0.067	0.051	0.015	-0.059	-0.038	0.024	-0.068	0.006	-0.025	-0.068	0.118	-0.021	0.098	-0.084	0.009	-0.010	-0.042	-0.012	0.239	-0.042	0.118	-0.079	0.010	0.109	0.056	-0.029	-0.030	0.006	-0.041	0.028	0.025	0.050	0.133	-0.110	-0.054	-0.073	0.032	-0.045	0.056
