OTU_id	1	10	101	103	104	11	111	12	123	128	13	130	131	135	14	144	145	147	15	156	157	16	162	166	167	168	17	18	188	19	194	2	20	200	206	21	210	22	222	224	226	227	229	23	234	235	24	240	244	25	256	259	26	265	27	270	28	282	29	299	3	30	302	309	31	32	325	33	34	36	361	368	38	393	4	40	407	42	421	43	44	45	46	47	5	51	54	56	58	59	590	6	60	61	62	66	67	7	70	72	74	75	77	8	86	88	9	93	96	98
1	1.000	-0.176	0.439	0.191	-0.005	-0.122	0.017	0.569	-0.041	-0.004	-0.046	0.241	-0.202	-0.001	-0.240	-0.042	0.026	0.036	0.164	0.025	0.016	-0.073	0.158	0.147	0.020	0.029	0.045	0.031	0.370	-0.075	0.098	0.182	-0.142	0.148	0.093	-0.166	0.003	0.095	-0.073	0.234	0.128	0.074	-0.070	0.110	0.007	0.114	-0.055	0.108	-0.125	-0.275	-0.016	-0.112	-0.245	0.084	0.023	0.044	-0.291	0.087	-0.131	0.190	0.040	0.014	-0.011	-0.041	-0.047	0.087	0.040	-0.226	0.098	-0.174	-0.090	0.060	-0.088	0.057	-0.136	0.159	0.149	0.127	0.045	0.240	0.017	-0.039	-0.001	-0.213	0.632	-0.131	-0.180	-0.192	0.215	-0.053	-0.008	0.004	0.084	-0.196	0.436	0.071	-0.263	-0.207	0.151	0.097	-0.037	-0.209	-0.058	-0.239	0.136	-0.234	-0.314	-0.023	-0.064	-0.057
10	-0.176	1.000	-0.035	-0.039	-0.119	0.053	-0.352	-0.124	-0.202	-0.006	0.344	-0.235	-0.278	-0.011	0.291	0.050	-0.090	-0.083	-0.001	-0.075	-0.021	0.416	-0.112	-0.075	-0.092	0.037	-0.132	0.170	-0.093	0.248	-0.293	0.341	0.406	-0.054	-0.110	-0.056	-0.058	-0.029	-0.229	-0.056	-0.134	-0.066	-0.159	0.105	-0.110	0.071	0.172	-0.017	-0.133	0.370	-0.065	-0.182	0.463	-0.071	-0.201	-0.115	0.424	-0.044	0.259	-0.115	-0.016	-0.093	-0.113	0.019	-0.060	0.073	-0.046	0.378	-0.073	0.125	-0.122	0.018	0.074	-0.060	0.495	-0.052	-0.038	-0.085	-0.143	-0.057	-0.042	-0.131	-0.059	-0.144	-0.227	0.329	0.221	0.276	-0.076	-0.188	-0.022	0.375	-0.085	0.312	0.003	-0.056	0.361	0.418	-0.076	-0.117	-0.062	0.316	-0.097	0.401	-0.043	-0.199	0.266	-0.045	0.044	0.051
101	0.439	-0.035	1.000	0.196	-0.073	-0.042	-0.001	0.544	-0.108	-0.074	0.012	0.261	-0.163	-0.055	-0.085	-0.101	-0.053	0.050	0.088	0.029	0.014	-0.059	0.297	-0.029	0.130	-0.067	-0.081	0.321	0.621	0.049	0.096	0.280	-0.124	0.170	0.135	-0.055	0.042	0.088	-0.043	0.284	-0.015	-0.030	-0.062	0.074	-0.112	0.119	-0.080	0.172	-0.177	-0.126	-0.030	-0.107	-0.138	0.033	-0.016	-0.027	-0.197	0.004	0.003	0.175	0.150	-0.100	-0.041	-0.098	-0.067	-0.135	-0.106	-0.259	-0.050	-0.075	-0.023	-0.000	-0.179	0.069	-0.080	-0.061	0.121	0.127	0.087	0.159	0.057	-0.104	-0.020	-0.046	0.413	-0.221	-0.135	-0.178	0.189	-0.148	-0.043	0.043	-0.032	-0.127	0.405	-0.036	-0.129	-0.059	0.255	0.087	-0.087	-0.215	-0.023	-0.158	0.130	-0.168	-0.193	0.028	-0.130	-0.100
103	0.191	-0.039	0.196	1.000	-0.123	-0.093	-0.009	0.243	-0.029	-0.067	-0.082	0.073	0.004	-0.039	-0.137	-0.042	-0.006	0.101	-0.036	-0.008	-0.080	-0.158	0.148	0.071	-0.007	-0.080	-0.037	0.103	0.258	-0.012	-0.020	0.053	-0.033	0.036	0.196	-0.002	0.069	0.040	-0.106	0.141	-0.028	-0.058	-0.015	0.052	-0.014	0.019	-0.036	0.009	0.117	-0.048	-0.045	-0.065	-0.150	0.160	-0.077	-0.096	-0.059	0.005	-0.178	0.040	0.107	-0.036	-0.043	-0.033	0.007	-0.003	-0.017	-0.173	-0.068	-0.084	0.066	0.146	-0.097	0.005	-0.052	0.146	0.141	0.025	0.010	0.248	-0.064	-0.142	-0.053	0.047	0.230	0.006	-0.076	-0.091	0.066	-0.130	-0.068	-0.098	-0.024	-0.038	0.099	0.036	-0.029	-0.091	0.159	0.150	-0.051	-0.164	0.058	-0.036	0.072	-0.010	-0.133	-0.118	-0.021	-0.045
104	-0.005	-0.119	-0.073	-0.123	1.000	-0.167	-0.139	-0.172	-0.034	0.243	-0.097	-0.049	-0.093	0.189	-0.232	0.170	0.035	-0.098	0.002	0.264	0.301	-0.035	0.002	-0.030	0.243	0.066	0.278	-0.230	-0.066	-0.123	-0.076	-0.173	-0.070	-0.026	-0.025	-0.189	0.062	-0.018	0.149	-0.049	0.035	0.195	-0.104	-0.138	-0.124	0.076	0.011	0.015	-0.057	0.040	0.234	-0.087	-0.064	0.023	0.263	0.105	-0.092	0.017	-0.009	-0.075	-0.075	0.434	0.162	0.099	0.274	-0.106	-0.001	-0.012	0.125	-0.088	-0.142	0.019	0.042	-0.091	-0.021	-0.015	-0.078	0.345	-0.040	0.009	0.264	0.133	0.285	-0.032	-0.066	-0.068	0.001	-0.039	-0.064	0.212	0.012	-0.079	-0.057	-0.072	-0.069	-0.134	-0.082	-0.058	-0.066	0.045	-0.136	0.015	0.014	-0.153	-0.111	-0.172	-0.307	0.332	0.031	0.011
11	-0.122	0.053	-0.042	-0.093	-0.167	1.000	0.173	-0.011	0.040	-0.022	0.092	0.071	0.357	-0.170	0.173	-0.063	-0.055	-0.096	-0.101	-0.204	-0.117	0.078	-0.100	0.032	-0.153	-0.161	-0.255	0.129	-0.042	0.106	0.130	0.116	0.014	-0.150	-0.096	0.314	-0.141	-0.178	0.117	-0.077	-0.177	-0.207	0.300	0.029	0.280	-0.137	-0.006	-0.003	0.297	0.041	-0.036	0.310	0.031	-0.078	-0.163	-0.242	0.047	-0.093	-0.061	0.064	0.061	-0.285	-0.152	-0.051	-0.243	-0.003	-0.073	0.028	-0.152	-0.008	0.151	-0.071	0.162	0.149	0.046	-0.140	-0.072	-0.292	0.046	-0.095	0.009	0.093	-0.288	0.284	-0.025	0.016	-0.012	-0.057	0.027	-0.023	-0.035	0.105	-0.086	-0.004	-0.018	0.302	-0.045	0.090	0.001	-0.146	0.178	-0.039	-0.035	0.225	-0.109	0.377	0.312	-0.109	-0.056	-0.008
111	0.017	-0.352	-0.001	-0.009	-0.139	0.173	1.000	0.202	0.474	-0.186	-0.232	0.342	0.499	-0.091	0.015	-0.161	-0.013	0.066	-0.153	-0.008	-0.157	-0.137	-0.014	0.103	0.027	-0.039	-0.059	0.033	0.041	-0.138	0.246	-0.187	-0.263	0.005	-0.021	0.189	-0.052	-0.093	0.104	0.061	0.313	0.072	0.378	-0.119	0.232	-0.179	-0.251	-0.058	0.292	-0.167	-0.104	0.250	-0.235	0.022	0.027	0.212	-0.160	-0.099	-0.172	0.188	-0.113	-0.093	0.217	-0.115	-0.089	-0.108	0.080	-0.141	0.000	-0.094	0.132	-0.046	0.150	0.039	-0.254	-0.099	0.056	-0.049	0.083	-0.032	-0.092	0.063	-0.156	0.302	0.096	-0.141	-0.052	-0.232	0.111	0.029	0.059	-0.154	0.102	-0.155	0.086	0.202	-0.214	-0.278	0.087	0.027	0.210	-0.219	0.126	-0.045	0.051	0.445	0.141	-0.129	-0.182	-0.076
12	0.569	-0.124	0.544	0.243	-0.172	-0.011	0.202	1.000	-0.011	-0.121	0.031	0.252	-0.058	-0.113	-0.060	-0.079	-0.080	0.043	0.057	0.009	-0.058	-0.049	0.244	0.103	0.049	-0.042	-0.061	0.259	0.495	0.000	0.186	0.233	-0.149	0.003	0.094	0.049	0.026	0.014	-0.111	0.283	0.044	-0.078	0.060	0.085	-0.007	0.067	-0.116	-0.079	-0.073	-0.161	-0.079	-0.073	-0.200	0.077	-0.053	-0.007	-0.263	0.062	-0.211	0.104	0.029	-0.079	-0.056	-0.073	-0.021	0.016	-0.070	-0.214	-0.042	-0.209	0.067	0.078	-0.090	-0.021	-0.084	0.195	0.147	0.081	-0.051	0.266	0.017	-0.072	-0.005	-0.096	0.556	-0.099	-0.161	-0.170	0.252	-0.071	-0.043	0.098	-0.001	-0.135	0.364	0.123	-0.179	-0.202	0.323	0.015	-0.088	-0.165	0.006	-0.088	0.114	-0.108	-0.069	-0.106	-0.136	-0.093
123	-0.041	-0.202	-0.108	-0.029	-0.034	0.040	0.474	-0.011	1.000	-0.059	-0.136	0.117	0.300	0.012	0.048	-0.052	-0.004	0.034	-0.090	0.040	-0.053	-0.177	-0.175	-0.006	0.132	0.003	0.163	-0.167	-0.091	-0.174	0.051	-0.240	-0.157	0.004	-0.115	0.089	-0.075	-0.043	0.161	-0.060	0.414	0.051	0.113	-0.127	0.058	-0.236	-0.169	-0.054	0.222	-0.149	-0.118	0.261	-0.088	-0.025	0.136	0.344	-0.050	-0.063	0.025	-0.063	-0.098	0.105	0.342	-0.073	0.109	-0.068	0.054	-0.129	0.096	0.003	0.061	-0.091	0.043	0.112	-0.230	-0.008	0.026	0.024	0.012	-0.068	-0.053	0.103	-0.024	0.308	-0.054	-0.058	0.011	-0.130	-0.106	0.178	-0.011	-0.109	0.136	-0.055	0.009	0.109	-0.099	-0.159	-0.058	-0.043	0.062	-0.109	0.061	-0.196	0.017	0.251	0.083	-0.067	-0.037	0.037
128	-0.004	-0.006	-0.074	-0.067	0.243	-0.022	-0.186	-0.121	-0.059	1.000	-0.064	-0.073	-0.066	0.218	-0.158	0.252	0.093	-0.001	-0.065	0.045	0.227	-0.079	-0.017	-0.041	0.110	0.075	0.161	-0.174	-0.037	-0.165	-0.054	-0.121	-0.007	-0.040	-0.061	-0.122	0.049	-0.021	0.212	-0.045	-0.085	0.149	-0.065	-0.080	-0.073	-0.038	0.002	0.027	-0.023	-0.078	0.258	0.013	0.019	-0.078	0.070	-0.059	-0.063	-0.053	-0.015	-0.112	0.013	0.203	0.009	0.096	0.179	-0.040	0.012	-0.109	0.206	-0.010	-0.136	0.029	0.107	0.034	-0.041	-0.012	-0.085	0.222	0.059	0.050	0.081	0.006	0.151	0.008	-0.049	-0.087	-0.049	-0.022	-0.101	0.068	-0.011	-0.101	0.032	0.010	-0.027	-0.096	-0.062	-0.086	-0.027	0.123	-0.059	0.002	-0.063	-0.025	-0.079	0.000	-0.232	0.155	0.026	0.017
13	-0.046	0.344	0.012	-0.082	-0.097	0.092	-0.232	0.031	-0.136	-0.064	1.000	-0.171	-0.281	-0.010	0.140	-0.056	-0.154	-0.148	0.071	-0.122	0.017	0.249	-0.006	0.023	-0.163	-0.043	-0.173	0.120	-0.022	0.319	-0.225	0.390	0.218	0.066	-0.016	0.032	0.030	-0.074	-0.160	0.048	-0.026	-0.066	-0.147	0.020	-0.201	0.002	0.111	-0.081	-0.164	0.434	-0.133	-0.129	0.273	-0.049	-0.091	-0.080	0.256	0.019	0.176	-0.118	0.018	-0.077	-0.081	-0.077	-0.071	0.042	-0.078	0.253	-0.083	-0.048	-0.029	0.074	-0.079	-0.145	0.330	0.096	-0.034	-0.155	-0.103	-0.035	-0.064	-0.064	-0.113	-0.215	-0.074	0.120	0.179	0.109	0.010	-0.134	-0.049	0.317	0.060	0.143	-0.050	-0.083	0.235	0.425	0.035	-0.121	-0.002	0.214	-0.171	0.190	0.106	-0.161	0.136	-0.152	-0.021	-0.026
130	0.241	-0.235	0.261	0.073	-0.049	0.071	0.342	0.252	0.117	-0.073	-0.171	1.000	0.333	-0.106	0.013	-0.137	-0.079	-0.039	-0.074	-0.096	-0.108	-0.129	0.094	0.189	-0.044	-0.159	-0.121	0.183	0.246	-0.127	0.341	0.033	-0.232	0.073	0.031	-0.006	0.061	-0.050	-0.061	0.084	0.074	-0.091	0.291	-0.006	0.164	0.049	-0.236	0.155	0.115	-0.274	-0.058	0.043	-0.186	-0.000	-0.003	0.023	-0.250	0.062	-0.086	0.254	0.098	-0.054	-0.006	-0.103	-0.237	-0.208	-0.003	-0.230	-0.094	-0.092	0.072	0.014	-0.022	0.068	-0.336	0.001	0.105	-0.112	0.114	0.037	-0.121	-0.083	-0.024	0.140	0.295	-0.185	-0.138	-0.221	0.294	-0.149	0.070	-0.067	0.074	-0.148	0.140	0.104	-0.158	-0.274	0.074	0.021	0.150	-0.264	-0.065	-0.104	0.171	0.262	0.019	-0.026	-0.184	-0.099
131	-0.202	-0.278	-0.163	0.004	-0.093	0.357	0.499	-0.058	0.300	-0.066	-0.281	0.333	1.000	-0.177	0.161	-0.057	0.110	0.046	-0.225	-0.029	-0.171	-0.184	-0.002	-0.010	-0.166	-0.013	-0.150	-0.024	-0.045	-0.161	0.263	-0.300	-0.193	-0.074	0.022	0.243	-0.034	-0.108	0.303	0.004	0.042	-0.078	0.494	-0.158	0.427	-0.137	-0.158	0.031	0.458	-0.139	0.028	0.463	-0.098	0.035	-0.112	0.033	0.003	-0.051	-0.144	0.255	0.039	-0.155	0.023	0.005	-0.205	-0.149	0.131	-0.072	-0.085	0.014	0.193	-0.067	0.142	0.228	-0.324	0.003	0.015	-0.226	0.228	-0.055	-0.089	0.133	-0.125	0.428	0.054	-0.039	0.043	-0.079	-0.011	0.070	0.096	-0.257	0.031	0.012	-0.114	0.256	-0.006	-0.235	0.023	-0.032	0.287	-0.158	0.245	-0.003	-0.049	0.661	0.209	-0.124	-0.015	0.023
135	-0.001	-0.011	-0.055	-0.039	0.189	-0.170	-0.091	-0.113	0.012	0.218	-0.010	-0.106	-0.177	1.000	-0.170	0.221	0.028	-0.078	-0.058	0.155	0.288	-0.062	-0.091	-0.011	0.205	0.147	0.266	-0.158	-0.017	-0.095	-0.113	-0.109	-0.055	0.070	-0.076	-0.198	0.188	-0.112	0.069	-0.055	-0.003	0.199	-0.130	-0.089	-0.142	-0.010	-0.032	-0.000	-0.011	-0.032	0.192	-0.104	-0.018	-0.025	0.226	0.029	-0.112	-0.014	-0.058	-0.142	-0.100	0.276	0.090	0.087	0.276	-0.120	-0.008	0.035	0.185	-0.128	-0.006	0.043	0.092	-0.080	-0.002	0.005	-0.025	0.308	-0.123	-0.016	0.078	0.123	0.212	-0.036	-0.013	-0.101	-0.091	0.003	-0.011	0.130	0.010	0.015	0.025	-0.052	-0.019	-0.078	-0.039	-0.058	-0.033	0.060	-0.106	-0.037	-0.049	-0.145	0.021	-0.058	-0.248	0.203	-0.001	-0.066
14	-0.240	0.291	-0.085	-0.137	-0.232	0.173	0.015	-0.060	0.048	-0.158	0.140	0.013	0.161	-0.170	1.000	-0.135	-0.099	-0.136	-0.092	-0.162	-0.142	0.193	-0.115	-0.033	-0.315	-0.020	-0.199	0.129	-0.047	0.159	0.080	-0.001	0.257	-0.130	-0.056	0.172	-0.163	-0.051	-0.089	-0.084	-0.062	-0.095	0.117	0.056	0.078	-0.002	0.041	0.115	0.079	0.224	-0.188	0.060	0.277	0.009	-0.253	-0.015	0.324	-0.021	0.127	-0.016	-0.051	-0.251	-0.128	-0.039	-0.149	-0.080	-0.016	0.291	-0.139	0.046	0.041	-0.093	0.088	0.126	0.156	-0.109	-0.098	-0.218	-0.007	-0.137	-0.212	-0.088	-0.188	0.101	-0.135	0.231	0.195	0.280	-0.126	-0.208	-0.009	0.109	-0.163	0.263	-0.016	0.074	0.232	0.260	-0.117	-0.262	0.186	0.162	-0.027	0.340	-0.093	0.179	0.437	-0.186	0.051	0.056
144	-0.042	0.050	-0.101	-0.042	0.170	-0.063	-0.161	-0.079	-0.052	0.252	-0.056	-0.137	-0.057	0.221	-0.135	1.000	0.032	-0.068	0.004	0.048	0.224	-0.089	-0.081	-0.058	0.204	0.116	0.239	-0.127	-0.108	-0.117	-0.045	-0.148	-0.029	-0.028	-0.025	-0.144	0.090	-0.072	0.152	-0.103	-0.029	0.143	-0.057	-0.079	-0.088	0.019	-0.062	-0.011	-0.001	-0.125	0.219	-0.040	0.023	-0.100	0.238	-0.014	-0.106	-0.064	-0.019	-0.116	-0.064	0.292	0.015	0.023	0.221	-0.052	-0.019	-0.060	0.137	-0.061	-0.063	0.039	0.197	-0.067	-0.018	-0.042	-0.113	0.283	0.004	-0.029	0.192	0.157	0.300	-0.013	-0.026	-0.128	-0.099	-0.035	-0.073	0.103	-0.044	-0.052	-0.038	0.004	-0.073	-0.061	-0.112	-0.131	-0.111	0.070	-0.066	0.052	-0.008	-0.118	-0.087	-0.031	-0.220	0.228	0.028	-0.065
145	0.026	-0.090	-0.053	-0.006	0.035	-0.055	-0.013	-0.080	-0.004	0.093	-0.154	-0.079	0.110	0.028	-0.099	0.032	1.000	0.243	-0.017	0.102	-0.002	-0.024	0.056	-0.038	0.041	-0.026	0.080	-0.093	-0.005	-0.135	-0.070	-0.182	-0.039	0.006	0.019	-0.032	0.043	0.054	0.096	-0.066	-0.003	0.092	-0.036	-0.058	-0.016	-0.087	-0.041	-0.016	0.042	-0.054	0.091	-0.012	-0.058	-0.024	0.021	0.030	-0.036	-0.053	-0.107	0.023	-0.007	0.046	0.084	0.044	0.018	0.039	0.053	-0.038	0.243	0.041	-0.006	0.031	-0.068	-0.044	0.014	0.015	-0.073	0.050	0.077	-0.008	0.126	0.055	0.044	0.038	-0.042	0.001	0.006	-0.016	-0.082	0.122	0.026	-0.152	0.052	-0.013	0.035	-0.131	-0.026	-0.035	-0.018	0.253	0.010	-0.011	0.086	-0.077	-0.077	0.014	-0.155	0.117	0.018	-0.024
147	0.036	-0.083	0.050	0.101	-0.098	-0.096	0.066	0.043	0.034	-0.001	-0.148	-0.039	0.046	-0.078	-0.136	-0.068	0.243	1.000	0.024	0.048	-0.062	-0.023	0.018	-0.014	0.026	-0.038	0.050	-0.054	0.093	-0.075	-0.099	-0.068	-0.033	0.006	0.025	-0.007	-0.025	0.138	0.017	-0.052	-0.020	0.015	-0.052	-0.030	-0.009	-0.037	-0.072	-0.007	-0.001	0.041	-0.001	0.019	0.015	-0.064	0.005	-0.035	-0.024	-0.067	-0.047	0.046	-0.018	-0.017	-0.009	0.028	0.036	0.094	0.098	-0.027	0.135	0.099	-0.086	-0.076	-0.126	0.030	-0.014	0.113	-0.033	0.020	0.028	0.000	0.118	0.007	0.002	0.032	-0.001	-0.037	0.009	-0.032	-0.033	0.074	0.058	-0.178	0.061	-0.005	0.075	-0.074	0.010	-0.007	-0.039	0.382	-0.012	-0.039	0.216	-0.007	-0.049	-0.020	-0.089	-0.037	-0.028	-0.048
15	0.164	-0.001	0.088	-0.036	0.002	-0.101	-0.153	0.057	-0.090	-0.065	0.071	-0.074	-0.225	-0.058	-0.092	0.004	-0.017	0.024	1.000	0.045	-0.006	0.108	0.012	-0.043	0.085	-0.022	0.066	0.110	-0.024	0.118	-0.165	0.154	0.142	-0.010	-0.037	0.102	0.020	0.231	-0.153	-0.022	0.018	-0.063	-0.154	0.216	-0.159	0.036	0.260	-0.039	-0.240	-0.019	-0.041	-0.139	-0.072	-0.048	0.183	-0.017	-0.123	0.012	0.192	-0.036	0.119	0.054	-0.053	0.055	0.087	0.246	-0.033	-0.063	-0.023	0.188	-0.021	-0.018	-0.146	-0.155	0.170	0.073	0.024	0.083	-0.034	-0.108	0.006	0.039	0.050	-0.124	0.042	-0.071	-0.185	0.079	-0.093	0.087	-0.034	-0.090	-0.054	-0.076	0.038	-0.064	-0.144	0.183	-0.029	-0.012	-0.150	0.062	-0.193	-0.059	0.025	-0.235	0.087	0.039	0.115	0.090
156	0.025	-0.075	0.029	-0.008	0.264	-0.204	-0.008	0.009	0.040	0.045	-0.122	-0.096	-0.029	0.155	-0.162	0.048	0.102	0.048	0.045	1.000	0.218	0.004	0.004	-0.068	0.260	0.044	0.203	-0.178	-0.017	-0.190	-0.044	-0.089	-0.159	-0.031	-0.046	-0.038	0.109	0.099	0.002	-0.025	0.015	0.163	-0.139	-0.191	-0.172	0.021	0.047	0.003	-0.066	0.010	0.168	-0.117	-0.156	-0.018	0.230	0.067	-0.099	-0.095	-0.088	-0.006	-0.081	0.224	0.076	0.036	0.156	-0.030	-0.021	-0.014	0.101	-0.024	-0.116	-0.079	-0.025	-0.124	0.050	0.054	-0.089	0.358	-0.036	0.018	0.116	0.049	0.288	0.004	-0.001	-0.082	-0.053	0.075	-0.114	0.130	-0.020	-0.033	-0.080	-0.062	0.039	-0.109	-0.083	-0.034	-0.123	0.089	-0.058	-0.026	-0.062	-0.216	-0.109	-0.122	-0.108	0.300	0.020	0.005
157	0.016	-0.021	0.014	-0.080	0.301	-0.117	-0.157	-0.058	-0.053	0.227	0.017	-0.108	-0.171	0.288	-0.142	0.224	-0.002	-0.062	-0.006	0.218	1.000	-0.005	-0.037	-0.018	0.289	0.168	0.240	-0.147	-0.003	-0.046	-0.038	-0.069	-0.055	-0.001	-0.036	-0.221	0.086	-0.044	0.168	-0.036	0.056	0.211	-0.123	-0.130	-0.139	-0.026	-0.005	0.023	-0.055	0.040	0.114	-0.129	-0.048	-0.086	0.224	-0.004	-0.079	-0.087	-0.057	-0.170	-0.126	0.308	0.079	0.123	0.245	-0.104	0.001	0.022	0.280	-0.092	0.021	-0.029	0.026	-0.111	-0.059	-0.008	-0.108	0.335	-0.091	0.048	0.122	0.123	0.276	-0.033	-0.006	-0.105	-0.088	-0.077	-0.117	0.134	-0.047	-0.011	-0.032	-0.096	-0.019	-0.032	-0.047	0.002	-0.025	0.062	-0.102	-0.010	-0.103	-0.128	-0.110	-0.082	-0.243	0.331	0.022	-0.019
16	-0.073	0.416	-0.059	-0.158	-0.035	0.078	-0.137	-0.049	-0.177	-0.079	0.249	-0.129	-0.184	-0.062	0.193	-0.089	-0.024	-0.023	0.108	0.004	-0.005	1.000	-0.100	-0.057	0.018	-0.020	-0.102	0.101	-0.122	0.330	-0.254	0.434	0.226	-0.040	-0.016	0.050	-0.051	0.138	-0.150	-0.027	-0.103	0.032	-0.133	0.118	-0.128	0.035	0.202	-0.093	-0.179	0.444	-0.107	-0.230	0.293	-0.096	-0.105	-0.073	0.300	0.016	0.158	-0.077	-0.014	-0.114	-0.111	-0.006	-0.112	0.100	-0.127	0.347	0.040	0.154	-0.123	-0.072	-0.013	-0.181	0.516	-0.142	-0.226	-0.030	-0.168	-0.172	0.023	-0.096	-0.097	-0.168	-0.249	0.228	0.184	0.336	-0.098	-0.092	-0.098	0.403	-0.150	0.184	-0.073	0.003	0.241	0.484	-0.033	-0.032	-0.063	0.247	-0.168	0.346	-0.037	-0.207	0.283	0.005	0.069	0.022
162	0.158	-0.112	0.297	0.148	0.002	-0.100	-0.014	0.244	-0.175	-0.017	-0.006	0.094	-0.002	-0.091	-0.115	-0.081	0.056	0.018	0.012	0.004	-0.037	-0.100	1.000	0.013	-0.065	-0.087	-0.106	0.230	0.240	-0.051	0.014	0.024	-0.167	0.186	0.296	-0.093	0.056	0.060	-0.082	0.178	-0.052	-0.114	0.019	0.055	-0.055	-0.050	-0.006	0.026	-0.062	-0.077	-0.000	-0.064	-0.185	0.112	-0.038	-0.085	-0.012	0.044	-0.103	0.068	0.072	-0.048	-0.096	-0.030	0.004	-0.045	0.085	-0.155	-0.053	-0.083	0.065	0.149	-0.302	0.047	-0.001	0.105	0.134	0.031	0.029	0.221	-0.060	-0.131	-0.068	-0.072	0.329	-0.087	-0.039	-0.040	0.138	-0.047	0.065	-0.101	-0.009	-0.077	0.056	-0.033	0.032	-0.142	0.270	0.078	-0.056	-0.058	-0.044	-0.080	0.150	-0.066	-0.197	-0.007	0.014	-0.003
166	0.147	-0.075	-0.029	0.071	-0.030	0.032	0.103	0.103	-0.006	-0.041	0.023	0.189	-0.010	-0.011	-0.033	-0.058	-0.038	-0.014	-0.043	-0.068	-0.018	-0.057	0.013	1.000	-0.028	0.024	0.013	0.021	0.033	-0.087	0.110	0.041	-0.074	0.046	0.100	-0.088	0.026	-0.114	0.000	-0.066	-0.013	-0.047	-0.004	0.092	0.189	0.106	-0.090	0.091	0.084	-0.070	0.034	0.034	-0.025	0.054	-0.018	-0.014	-0.090	0.110	-0.119	-0.029	-0.051	-0.125	-0.074	-0.030	-0.031	-0.046	0.036	-0.051	-0.008	-0.095	0.130	0.129	-0.131	0.104	-0.029	0.100	0.085	-0.062	0.056	0.067	-0.127	-0.121	-0.065	-0.113	0.143	0.018	-0.040	-0.080	0.141	-0.075	0.028	-0.024	0.029	-0.063	0.132	0.057	-0.079	-0.087	-0.070	0.024	0.050	-0.104	-0.134	-0.033	0.080	0.047	0.007	0.067	0.015	-0.085
167	0.020	-0.092	0.130	-0.007	0.243	-0.153	0.027	0.049	0.132	0.110	-0.163	-0.044	-0.166	0.205	-0.315	0.204	0.041	0.026	0.085	0.260	0.289	0.018	-0.065	-0.028	1.000	0.066	0.406	-0.056	0.110	-0.201	-0.074	-0.069	-0.094	-0.038	-0.043	-0.196	0.183	0.078	0.194	-0.122	0.131	0.302	-0.292	-0.118	-0.190	0.015	-0.167	-0.006	-0.125	-0.066	0.135	-0.141	-0.098	-0.130	0.410	0.142	-0.188	-0.119	-0.090	-0.199	-0.109	0.335	0.182	-0.092	0.344	-0.081	-0.094	-0.138	0.312	-0.024	-0.046	-0.035	0.028	-0.158	0.040	-0.002	-0.051	0.482	-0.069	-0.035	0.221	0.109	0.358	-0.017	-0.078	-0.108	-0.151	-0.153	-0.057	0.201	-0.106	0.096	-0.128	-0.165	0.142	-0.088	-0.200	-0.071	-0.064	0.155	-0.231	-0.123	-0.145	-0.144	-0.079	-0.228	-0.256	0.403	-0.089	-0.122
168	0.029	0.037	-0.067	-0.080	0.066	-0.161	-0.039	-0.042	0.003	0.075	-0.043	-0.159	-0.013	0.147	-0.020	0.116	-0.026	-0.038	-0.022	0.044	0.168	-0.020	-0.087	0.024	0.066	1.000	0.158	-0.143	-0.096	-0.012	-0.017	-0.140	-0.015	-0.067	-0.094	-0.103	-0.110	0.001	0.080	-0.005	0.055	0.158	-0.044	-0.025	-0.063	0.029	0.039	-0.058	0.024	0.057	0.079	0.025	0.066	0.002	0.068	0.002	-0.016	-0.018	0.007	-0.119	-0.090	0.056	0.021	0.150	0.133	-0.047	0.027	0.083	0.172	0.015	0.003	-0.000	0.103	0.029	-0.012	0.083	-0.010	0.130	-0.078	-0.080	-0.068	0.082	0.007	-0.105	-0.049	-0.016	-0.004	-0.017	-0.147	0.024	0.015	-0.126	-0.005	-0.056	-0.052	0.072	-0.034	0.001	0.000	-0.100	-0.104	0.034	0.014	-0.028	-0.040	0.025	-0.050	0.092	0.035	0.063
17	0.045	-0.132	-0.081	-0.037	0.278	-0.255	-0.059	-0.061	0.163	0.161	-0.173	-0.121	-0.150	0.266	-0.199	0.239	0.080	0.050	0.066	0.203	0.240	-0.102	-0.106	0.013	0.406	0.158	1.000	-0.287	-0.063	-0.171	-0.046	-0.237	-0.101	-0.058	-0.080	-0.193	0.049	0.023	0.209	-0.089	0.087	0.281	-0.172	-0.064	-0.118	0.033	-0.112	-0.127	-0.024	-0.056	0.128	-0.014	-0.086	-0.047	0.557	0.127	-0.162	0.012	-0.115	-0.310	-0.091	0.380	0.198	0.067	0.589	0.035	0.023	-0.033	0.244	-0.063	0.006	-0.054	0.100	-0.099	-0.084	-0.042	-0.024	0.416	0.010	-0.044	0.311	0.372	0.290	-0.026	0.003	-0.111	-0.109	-0.082	-0.113	0.337	-0.027	0.025	0.039	-0.072	-0.022	0.098	-0.169	-0.071	-0.071	0.103	-0.175	-0.092	-0.032	-0.266	-0.035	-0.119	-0.222	0.349	-0.013	-0.098
18	0.031	0.170	0.321	0.103	-0.230	0.129	0.033	0.259	-0.167	-0.174	0.120	0.183	-0.024	-0.158	0.129	-0.127	-0.093	-0.054	0.110	-0.178	-0.147	0.101	0.230	0.021	-0.056	-0.143	-0.287	1.000	0.305	0.176	0.012	0.426	0.068	0.046	0.089	0.162	0.000	0.013	-0.308	0.085	-0.184	-0.237	-0.029	0.146	0.020	-0.001	0.072	0.077	-0.102	-0.081	-0.160	-0.105	0.035	0.078	-0.205	-0.208	0.047	-0.093	0.015	0.042	0.034	-0.248	-0.296	-0.109	-0.243	0.040	-0.064	-0.075	-0.279	0.136	0.005	0.067	-0.148	-0.084	0.196	-0.036	0.015	-0.116	0.022	-0.056	-0.145	-0.131	-0.123	0.010	0.085	-0.023	-0.044	0.032	0.126	-0.190	-0.011	0.149	-0.026	-0.006	0.110	-0.001	0.090	0.131	0.165	-0.109	0.070	0.022	-0.042	0.161	0.028	0.026	0.301	-0.104	0.039	0.032
188	0.370	-0.093	0.621	0.258	-0.066	-0.042	0.041	0.495	-0.091	-0.037	-0.022	0.246	-0.045	-0.017	-0.047	-0.108	-0.005	0.093	-0.024	-0.017	-0.003	-0.122	0.240	0.033	0.110	-0.096	-0.063	0.305	1.000	-0.048	0.164	0.114	-0.113	0.090	0.146	-0.093	0.102	-0.018	-0.061	0.299	-0.013	0.009	-0.032	0.038	0.024	0.149	-0.131	0.167	-0.049	-0.157	-0.050	-0.076	-0.191	0.070	-0.053	-0.075	-0.186	0.050	-0.183	0.083	0.071	-0.114	-0.049	-0.076	-0.031	-0.170	-0.018	-0.226	-0.007	-0.094	-0.029	0.048	-0.223	-0.026	-0.167	0.059	0.120	0.053	-0.015	0.220	0.039	-0.129	-0.059	0.080	0.335	-0.209	-0.095	-0.208	0.165	-0.153	0.028	0.028	-0.060	-0.117	0.382	0.029	-0.090	-0.140	0.268	0.113	-0.022	-0.222	0.116	-0.178	0.013	-0.066	-0.209	-0.057	-0.126	-0.105
19	-0.075	0.248	0.049	-0.012	-0.123	0.106	-0.138	0.000	-0.174	-0.165	0.319	-0.127	-0.161	-0.095	0.159	-0.117	-0.135	-0.075	0.118	-0.190	-0.046	0.330	-0.051	-0.087	-0.201	-0.012	-0.171	0.176	-0.048	1.000	-0.132	0.481	0.090	-0.084	-0.031	0.188	-0.107	0.047	-0.137	0.110	-0.113	-0.123	-0.103	0.200	-0.109	0.042	0.282	-0.105	-0.137	0.371	-0.139	-0.138	0.205	0.075	-0.231	-0.082	0.179	-0.041	0.173	-0.110	0.152	-0.183	-0.131	-0.080	-0.137	0.135	-0.096	0.146	-0.078	0.107	0.010	0.042	-0.031	-0.150	0.268	-0.006	-0.027	-0.093	-0.221	-0.087	0.008	-0.129	-0.164	-0.132	-0.199	0.127	0.103	0.173	-0.012	-0.189	-0.023	0.144	-0.117	0.093	-0.098	0.037	0.159	0.467	0.053	-0.129	-0.012	0.190	-0.011	0.299	0.060	-0.099	0.234	-0.210	0.096	0.056
194	0.098	-0.293	0.096	-0.020	-0.076	0.130	0.246	0.186	0.051	-0.054	-0.225	0.341	0.263	-0.113	0.080	-0.045	-0.070	-0.099	-0.165	-0.044	-0.038	-0.254	0.014	0.110	-0.074	-0.017	-0.046	0.012	0.164	-0.132	1.000	-0.222	-0.193	-0.115	0.001	0.095	-0.023	-0.153	-0.036	0.071	0.017	-0.038	0.296	0.011	0.233	0.037	-0.118	0.038	0.190	-0.217	-0.056	0.169	-0.111	0.045	-0.026	0.035	-0.160	0.011	-0.179	0.196	0.103	-0.088	-0.020	-0.049	-0.118	-0.074	0.043	-0.135	-0.062	-0.098	0.145	-0.072	0.086	0.087	-0.349	0.001	0.054	-0.063	0.080	0.056	-0.036	0.069	-0.052	0.133	0.207	-0.101	-0.073	-0.171	0.069	-0.047	0.066	-0.137	0.010	-0.045	0.003	0.206	-0.177	-0.296	0.134	-0.112	0.198	-0.201	0.108	0.033	0.032	0.299	0.027	-0.018	-0.130	-0.076
2	0.182	0.341	0.280	0.053	-0.173	0.116	-0.187	0.233	-0.240	-0.121	0.390	0.033	-0.300	-0.109	-0.001	-0.148	-0.182	-0.068	0.154	-0.089	-0.069	0.434	0.024	0.041	-0.069	-0.140	-0.237	0.426	0.114	0.481	-0.222	1.000	0.118	0.005	-0.004	0.062	-0.011	0.143	-0.259	0.085	-0.112	-0.173	-0.174	0.239	-0.155	0.097	0.175	-0.019	-0.273	0.289	-0.165	-0.311	0.134	-0.060	-0.210	-0.140	0.120	-0.024	0.187	-0.017	0.092	-0.185	-0.216	-0.132	-0.208	0.122	-0.109	-0.004	-0.127	0.061	-0.102	0.072	-0.249	-0.149	0.475	-0.064	-0.009	-0.015	-0.053	-0.047	0.004	-0.226	-0.076	-0.218	0.087	0.067	-0.002	0.124	0.105	-0.227	-0.088	0.423	-0.064	0.012	0.050	-0.032	0.189	0.398	0.025	-0.081	-0.058	0.146	-0.208	0.220	0.151	-0.219	0.274	-0.057	-0.003	0.030
20	-0.142	0.406	-0.124	-0.033	-0.070	0.014	-0.263	-0.149	-0.157	-0.007	0.218	-0.232	-0.193	-0.055	0.257	-0.029	-0.039	-0.033	0.142	-0.159	-0.055	0.226	-0.167	-0.074	-0.094	-0.015	-0.101	0.068	-0.113	0.090	-0.193	0.118	1.000	0.010	0.018	-0.003	-0.047	0.039	-0.131	-0.054	-0.103	-0.103	-0.090	0.065	-0.047	-0.006	0.158	0.062	-0.084	0.176	-0.095	-0.088	0.280	-0.085	-0.118	-0.078	0.259	-0.040	0.256	-0.138	-0.003	-0.053	-0.085	0.025	0.013	0.175	-0.029	0.204	-0.125	0.112	-0.100	0.055	0.026	0.001	0.355	0.004	-0.017	-0.146	-0.056	-0.036	-0.093	-0.115	-0.102	-0.108	-0.165	0.324	0.110	0.223	-0.165	-0.130	-0.057	0.158	-0.053	0.264	-0.031	-0.175	0.186	0.318	-0.127	-0.120	-0.018	0.294	-0.161	0.308	-0.063	-0.096	0.215	-0.072	0.112	0.137
200	0.148	-0.054	0.170	0.036	-0.026	-0.150	0.005	0.003	0.004	-0.040	0.066	0.073	-0.074	0.070	-0.130	-0.028	0.006	0.006	-0.010	-0.031	-0.001	-0.040	0.186	0.046	-0.038	-0.067	-0.058	0.046	0.090	-0.084	-0.115	0.005	0.010	1.000	0.114	-0.129	0.100	0.205	-0.106	0.055	0.038	-0.025	-0.082	-0.078	-0.045	-0.089	-0.045	0.111	-0.054	-0.127	-0.050	0.003	-0.069	0.093	0.075	0.029	0.019	0.047	0.030	0.138	0.025	0.009	0.049	0.009	-0.086	-0.076	0.059	-0.031	-0.099	-0.029	0.031	0.071	-0.211	0.125	-0.051	-0.047	0.088	-0.007	0.124	0.137	-0.096	-0.156	0.025	-0.039	0.083	-0.047	-0.000	-0.017	0.151	-0.079	0.045	0.022	0.205	-0.019	0.163	-0.211	-0.003	-0.063	-0.012	0.057	0.001	0.008	-0.069	-0.144	0.157	-0.040	-0.237	-0.086	0.037	0.020
206	0.093	-0.110	0.135	0.196	-0.025	-0.096	-0.021	0.094	-0.115	-0.061	-0.016	0.031	0.022	-0.076	-0.056	-0.025	0.019	0.025	-0.037	-0.046	-0.036	-0.016	0.296	0.100	-0.043	-0.094	-0.080	0.089	0.146	-0.031	0.001	-0.004	0.018	0.114	1.000	-0.086	0.021	0.048	-0.090	0.146	-0.047	-0.087	0.031	-0.007	-0.014	0.054	-0.019	0.018	0.013	-0.023	-0.060	-0.057	-0.031	0.053	-0.117	-0.019	-0.042	0.113	-0.106	0.127	0.037	-0.046	0.010	-0.036	-0.026	0.031	0.027	-0.110	-0.020	-0.059	0.127	0.185	-0.171	0.041	0.024	0.031	0.047	-0.065	0.091	0.113	0.071	-0.122	-0.044	-0.062	0.145	0.094	-0.034	-0.095	0.087	-0.091	-0.037	-0.012	-0.000	-0.012	0.057	-0.106	0.036	-0.099	0.195	-0.044	-0.003	-0.084	-0.019	-0.110	0.189	-0.024	-0.229	-0.091	-0.030	-0.016
21	-0.166	-0.056	-0.055	-0.002	-0.189	0.314	0.189	0.049	0.089	-0.122	0.032	-0.006	0.243	-0.198	0.172	-0.144	-0.032	-0.007	0.102	-0.038	-0.221	0.050	-0.093	-0.088	-0.196	-0.103	-0.193	0.162	-0.093	0.188	0.095	0.062	-0.003	-0.129	-0.086	1.000	-0.161	0.064	0.013	-0.012	-0.047	-0.198	0.175	0.044	0.175	-0.112	0.168	-0.118	0.070	0.045	-0.046	0.114	-0.027	0.053	-0.111	-0.012	0.048	-0.019	0.040	0.069	0.220	-0.246	-0.056	-0.015	-0.087	0.155	-0.104	-0.001	-0.135	0.185	-0.002	-0.078	0.040	0.027	0.045	0.003	-0.061	-0.265	-0.032	-0.196	-0.080	0.073	-0.292	0.098	-0.160	0.037	0.050	0.115	-0.108	0.011	-0.010	-0.140	-0.065	-0.015	-0.099	0.114	-0.022	0.176	0.011	-0.131	0.201	0.078	-0.025	0.233	-0.094	0.284	0.358	-0.161	0.077	0.123
210	0.003	-0.058	0.042	0.069	0.062	-0.141	-0.052	0.026	-0.075	0.049	0.030	0.061	-0.034	0.188	-0.163	0.090	0.043	-0.025	0.020	0.109	0.086	-0.051	0.056	0.026	0.183	-0.110	0.049	0.000	0.102	-0.107	-0.023	-0.011	-0.047	0.100	0.021	-0.161	1.000	0.001	0.042	0.016	0.035	0.066	-0.046	-0.099	-0.070	-0.020	-0.038	0.062	-0.039	-0.107	0.118	-0.082	-0.089	-0.034	0.102	-0.005	-0.060	0.006	-0.030	-0.016	-0.015	0.133	0.112	-0.004	0.069	-0.043	0.013	-0.022	0.014	-0.072	0.047	0.048	-0.068	-0.139	-0.043	0.008	-0.059	0.148	-0.020	0.099	-0.043	-0.029	0.230	0.035	-0.004	-0.104	-0.072	0.014	0.026	-0.016	0.008	0.029	0.031	-0.011	0.023	-0.123	0.023	-0.104	0.000	0.138	0.013	0.010	-0.086	-0.183	0.012	-0.050	-0.131	0.145	0.022	-0.065
22	0.095	-0.029	0.088	0.040	-0.018	-0.178	-0.093	0.014	-0.043	-0.021	-0.074	-0.050	-0.108	-0.112	-0.051	-0.072	0.054	0.138	0.231	0.099	-0.044	0.138	0.060	-0.114	0.078	0.001	0.023	0.013	-0.018	0.047	-0.153	0.143	0.039	0.205	0.048	0.064	0.001	1.000	-0.095	-0.004	-0.009	0.007	-0.162	0.086	-0.179	0.004	0.212	-0.005	-0.205	0.002	-0.041	-0.185	-0.029	-0.060	0.044	-0.046	-0.013	0.016	0.114	0.049	0.008	0.014	-0.044	-0.003	-0.035	0.219	-0.006	-0.026	-0.024	0.235	-0.039	-0.032	-0.175	-0.096	0.204	0.033	-0.019	0.134	0.048	-0.028	0.025	-0.162	0.081	-0.058	0.057	0.003	-0.032	0.142	-0.018	-0.030	0.001	-0.030	-0.056	-0.023	0.021	-0.189	0.027	0.074	-0.048	0.113	-0.105	0.158	-0.114	-0.037	0.039	-0.186	-0.074	0.007	0.194	0.204
222	-0.073	-0.229	-0.043	-0.106	0.149	0.117	0.104	-0.111	0.161	0.212	-0.160	-0.061	0.303	0.069	-0.089	0.152	0.096	0.017	-0.153	0.002	0.168	-0.150	-0.082	0.000	0.194	0.080	0.209	-0.308	-0.061	-0.137	-0.036	-0.259	-0.131	-0.106	-0.090	0.013	0.042	-0.095	1.000	-0.094	-0.001	0.129	0.047	-0.142	0.186	-0.108	-0.165	-0.018	0.201	-0.115	0.277	0.218	-0.142	-0.066	0.167	0.052	-0.107	-0.106	-0.071	-0.083	-0.032	0.144	0.092	0.046	0.175	-0.120	-0.002	-0.116	0.154	-0.048	-0.021	-0.049	0.187	0.162	-0.247	-0.106	-0.119	0.151	0.096	-0.023	0.086	0.135	0.057	0.133	0.020	-0.137	-0.084	-0.159	-0.004	0.070	-0.058	-0.152	-0.172	-0.099	0.010	0.129	-0.178	-0.132	-0.147	0.074	0.022	-0.040	0.082	-0.071	-0.124	0.230	-0.086	0.207	0.007	0.018
224	0.234	-0.056	0.284	0.141	-0.049	-0.077	0.061	0.283	-0.060	-0.045	0.048	0.084	0.004	-0.055	-0.084	-0.103	-0.066	-0.052	-0.022	-0.025	-0.036	-0.027	0.178	-0.066	-0.122	-0.005	-0.089	0.085	0.299	0.110	0.071	0.085	-0.054	0.055	0.146	-0.012	0.016	-0.004	-0.094	1.000	0.033	-0.046	0.129	-0.021	0.084	-0.011	0.005	-0.015	-0.017	-0.058	-0.103	-0.005	-0.127	0.053	-0.148	0.067	-0.066	-0.029	-0.097	-0.045	0.057	-0.048	0.043	0.064	-0.081	-0.070	0.036	-0.184	-0.039	-0.127	-0.038	-0.012	-0.108	-0.032	-0.085	0.066	0.132	-0.065	-0.100	0.186	0.022	-0.081	-0.148	-0.021	0.231	0.024	-0.045	-0.090	0.077	-0.156	-0.001	-0.049	0.024	-0.062	0.044	0.010	-0.043	-0.053	0.336	-0.108	-0.035	-0.138	0.020	-0.027	0.124	0.014	-0.187	-0.164	-0.047	-0.026
226	0.128	-0.134	-0.015	-0.028	0.035	-0.177	0.313	0.044	0.414	-0.085	-0.026	0.074	0.042	-0.003	-0.062	-0.029	-0.003	-0.020	0.018	0.015	0.056	-0.103	-0.052	-0.013	0.131	0.055	0.087	-0.184	-0.013	-0.113	0.017	-0.112	-0.103	0.038	-0.047	-0.047	0.035	-0.009	-0.001	0.033	1.000	0.145	0.057	-0.152	0.000	-0.097	-0.126	-0.040	-0.023	-0.023	-0.070	0.055	-0.081	0.023	0.076	0.382	-0.047	-0.016	0.029	-0.012	-0.080	0.195	0.403	0.001	0.090	-0.083	0.060	-0.041	0.175	-0.014	-0.008	-0.004	-0.113	-0.037	-0.116	0.038	0.067	0.058	-0.037	0.005	-0.009	-0.044	-0.035	0.012	0.012	-0.042	0.060	-0.095	-0.106	0.048	0.022	-0.128	0.217	-0.038	0.075	-0.062	-0.044	-0.118	0.076	-0.036	-0.071	-0.091	-0.025	-0.116	0.032	0.024	-0.132	-0.037	-0.077	0.028
227	0.074	-0.066	-0.030	-0.058	0.195	-0.207	0.072	-0.078	0.051	0.149	-0.066	-0.091	-0.078	0.199	-0.095	0.143	0.092	0.015	-0.063	0.163	0.211	0.032	-0.114	-0.047	0.302	0.158	0.281	-0.237	0.009	-0.123	-0.038	-0.173	-0.103	-0.025	-0.087	-0.198	0.066	0.007	0.129	-0.046	0.145	1.000	-0.160	-0.110	-0.172	0.046	-0.139	0.042	-0.042	0.058	0.108	-0.119	-0.031	-0.089	0.246	0.112	-0.073	-0.105	-0.061	-0.076	-0.155	0.243	0.104	0.038	0.194	-0.097	-0.039	0.027	0.264	-0.043	-0.115	0.029	0.207	-0.104	0.012	-0.066	-0.135	0.340	-0.091	0.028	0.066	0.003	0.163	-0.024	-0.079	-0.091	-0.015	-0.038	-0.035	0.057	-0.064	-0.024	-0.032	-0.089	-0.015	-0.026	-0.109	-0.058	-0.025	0.151	-0.085	-0.006	-0.055	-0.129	-0.083	-0.107	-0.183	0.223	-0.002	-0.085
229	-0.070	-0.159	-0.062	-0.015	-0.104	0.300	0.378	0.060	0.113	-0.065	-0.147	0.291	0.494	-0.130	0.117	-0.057	-0.036	-0.052	-0.154	-0.139	-0.123	-0.133	0.019	-0.004	-0.292	-0.044	-0.172	-0.029	-0.032	-0.103	0.296	-0.174	-0.090	-0.082	0.031	0.175	-0.046	-0.162	0.047	0.129	0.057	-0.160	1.000	-0.034	0.368	-0.077	-0.139	-0.021	0.277	-0.163	-0.001	0.410	-0.063	0.054	-0.065	0.052	-0.030	0.054	-0.047	0.240	0.058	-0.094	0.021	-0.020	-0.168	-0.177	0.039	-0.050	-0.122	-0.064	0.166	-0.039	0.213	0.129	-0.240	-0.090	0.045	-0.287	0.184	0.026	-0.138	0.063	-0.170	0.149	0.045	-0.018	-0.018	-0.141	0.086	0.023	0.077	-0.219	0.087	-0.001	-0.106	0.199	-0.021	-0.233	0.169	-0.111	0.256	-0.134	0.168	-0.006	0.054	0.559	0.132	-0.112	-0.081	0.004
23	0.110	0.105	0.074	0.052	-0.138	0.029	-0.119	0.085	-0.127	-0.080	0.020	-0.006	-0.158	-0.089	0.056	-0.079	-0.058	-0.030	0.216	-0.191	-0.130	0.118	0.055	0.092	-0.118	-0.025	-0.064	0.146	0.038	0.200	0.011	0.239	0.065	-0.078	-0.007	0.044	-0.099	0.086	-0.142	-0.021	-0.152	-0.110	-0.034	1.000	-0.047	0.143	0.073	-0.008	-0.066	0.029	-0.153	-0.088	-0.018	0.008	-0.035	-0.132	-0.065	0.150	0.124	0.019	0.143	-0.136	-0.178	-0.036	-0.003	0.186	-0.096	-0.035	-0.037	0.097	0.128	0.059	0.002	0.017	0.135	-0.031	-0.004	-0.057	-0.055	0.046	-0.029	-0.072	-0.212	-0.117	0.098	-0.020	-0.131	-0.023	0.128	-0.108	-0.047	0.136	-0.049	-0.096	0.000	0.122	-0.051	0.133	0.051	-0.032	-0.079	0.002	-0.031	0.054	0.137	-0.048	0.127	-0.044	0.094	0.056
234	0.007	-0.110	-0.112	-0.014	-0.124	0.280	0.232	-0.007	0.058	-0.073	-0.201	0.164	0.427	-0.142	0.078	-0.088	-0.016	-0.009	-0.159	-0.172	-0.139	-0.128	-0.055	0.189	-0.190	-0.063	-0.118	0.020	0.024	-0.109	0.233	-0.155	-0.047	-0.045	-0.014	0.175	-0.070	-0.179	0.186	0.084	0.000	-0.172	0.368	-0.047	1.000	-0.040	-0.114	0.039	0.349	-0.183	-0.059	0.275	-0.122	0.046	-0.131	-0.037	0.025	-0.043	-0.135	0.180	0.037	-0.227	0.020	-0.009	-0.145	-0.106	0.070	-0.076	-0.115	-0.064	0.051	-0.059	0.142	0.157	-0.203	-0.052	0.090	-0.247	0.094	0.032	-0.169	0.120	-0.209	0.225	0.079	0.055	0.034	-0.079	0.042	0.061	0.022	-0.145	0.026	0.031	-0.050	0.191	0.002	-0.196	-0.020	-0.043	0.193	-0.105	0.149	0.093	-0.181	0.415	0.182	-0.137	0.011	-0.009
235	0.114	0.071	0.119	0.019	0.076	-0.137	-0.179	0.067	-0.236	-0.038	0.002	0.049	-0.137	-0.010	-0.002	0.019	-0.087	-0.037	0.036	0.021	-0.026	0.035	-0.050	0.106	0.015	0.029	0.033	-0.001	0.149	0.042	0.037	0.097	-0.006	-0.089	0.054	-0.112	-0.020	0.004	-0.108	-0.011	-0.097	0.046	-0.077	0.143	-0.040	1.000	0.048	0.235	-0.172	0.010	0.097	-0.180	-0.056	0.084	0.022	-0.030	-0.080	0.172	-0.063	0.087	0.149	0.020	-0.079	-0.008	0.009	0.013	-0.009	-0.030	-0.018	0.015	-0.017	0.091	0.032	0.043	0.069	0.066	0.098	0.059	-0.087	-0.038	0.091	-0.078	0.039	-0.069	0.084	-0.070	-0.021	-0.018	0.240	-0.016	0.001	0.081	-0.036	-0.072	0.023	-0.055	-0.052	0.108	0.043	-0.062	-0.165	-0.078	0.061	-0.070	0.068	-0.218	-0.024	0.084	0.004	-0.059
24	-0.055	0.172	-0.080	-0.036	0.011	-0.006	-0.251	-0.116	-0.169	0.002	0.111	-0.236	-0.158	-0.032	0.041	-0.062	-0.041	-0.072	0.260	0.047	-0.005	0.202	-0.006	-0.090	-0.167	0.039	-0.112	0.072	-0.131	0.282	-0.118	0.175	0.158	-0.045	-0.019	0.168	-0.038	0.212	-0.165	0.005	-0.126	-0.139	-0.139	0.073	-0.114	0.048	1.000	-0.066	-0.137	0.194	-0.006	-0.107	0.122	-0.008	-0.137	-0.039	0.145	0.021	0.142	-0.050	0.060	-0.059	-0.092	0.163	-0.051	0.335	0.038	0.157	-0.163	0.193	-0.070	-0.019	-0.147	-0.037	0.216	0.051	-0.034	-0.037	-0.060	-0.082	0.004	-0.021	-0.045	-0.098	-0.123	0.139	0.125	0.306	-0.185	-0.013	0.049	0.011	-0.063	0.067	-0.126	-0.102	0.145	0.310	-0.103	-0.102	-0.026	0.295	-0.098	0.164	-0.045	-0.139	0.145	-0.066	0.241	0.247
240	0.108	-0.017	0.172	0.009	0.015	-0.003	-0.058	-0.079	-0.054	0.027	-0.081	0.155	0.031	-0.000	0.115	-0.011	-0.016	-0.007	-0.039	0.003	0.023	-0.093	0.026	0.091	-0.006	-0.058	-0.127	0.077	0.167	-0.105	0.038	-0.019	0.062	0.111	0.018	-0.118	0.062	-0.005	-0.018	-0.015	-0.040	0.042	-0.021	-0.008	0.039	0.235	-0.066	1.000	-0.002	-0.153	0.111	0.016	-0.079	0.039	-0.008	-0.034	-0.050	0.028	-0.052	0.142	0.067	-0.069	-0.062	-0.073	-0.141	-0.122	0.002	-0.095	0.017	0.014	-0.055	0.019	0.006	0.118	-0.029	0.034	0.088	-0.004	0.085	0.032	-0.083	-0.260	-0.037	0.111	0.096	-0.036	-0.056	-0.055	0.136	-0.064	0.075	-0.054	0.034	-0.038	0.133	-0.114	0.010	-0.083	-0.044	0.075	0.058	-0.087	0.027	-0.078	-0.005	-0.022	-0.063	0.034	-0.032	-0.071
244	-0.125	-0.133	-0.177	0.117	-0.057	0.297	0.292	-0.073	0.222	-0.023	-0.164	0.115	0.458	-0.011	0.079	-0.001	0.042	-0.001	-0.240	-0.066	-0.055	-0.179	-0.062	0.084	-0.125	0.024	-0.024	-0.102	-0.049	-0.137	0.190	-0.273	-0.084	-0.054	0.013	0.070	-0.039	-0.205	0.201	-0.017	-0.023	-0.042	0.277	-0.066	0.349	-0.172	-0.137	-0.002	1.000	-0.170	-0.056	0.377	-0.070	0.028	-0.105	-0.023	-0.002	-0.048	-0.093	0.082	-0.012	-0.165	0.060	0.018	-0.110	-0.088	0.086	-0.058	-0.034	-0.082	0.215	-0.083	0.204	0.226	-0.248	-0.019	0.019	-0.211	0.146	0.029	-0.143	0.107	-0.165	0.363	0.016	-0.008	0.045	-0.114	-0.017	0.061	0.001	-0.127	0.001	0.018	-0.002	0.127	-0.018	-0.209	-0.081	-0.070	0.179	-0.133	0.154	-0.033	-0.024	0.464	0.079	-0.114	-0.018	0.006
25	-0.275	0.370	-0.126	-0.048	0.040	0.041	-0.167	-0.161	-0.149	-0.078	0.434	-0.274	-0.139	-0.032	0.224	-0.125	-0.054	0.041	-0.019	0.010	0.040	0.444	-0.077	-0.070	-0.066	0.057	-0.056	-0.081	-0.157	0.371	-0.217	0.289	0.176	-0.127	-0.023	0.045	-0.107	0.002	-0.115	-0.058	-0.023	0.058	-0.163	0.029	-0.183	0.010	0.194	-0.153	-0.170	1.000	-0.044	-0.191	0.295	-0.072	-0.118	-0.035	0.359	-0.014	0.155	-0.155	-0.049	-0.033	-0.047	0.002	0.004	0.081	-0.068	0.380	0.051	0.090	-0.161	0.065	-0.073	-0.179	0.450	-0.016	-0.073	0.020	-0.178	-0.094	0.084	-0.102	-0.139	-0.143	-0.316	0.208	0.307	0.319	-0.108	-0.092	-0.049	0.222	-0.131	0.199	-0.151	-0.027	0.324	0.532	-0.109	-0.082	-0.075	0.259	-0.150	0.333	0.007	-0.134	0.167	-0.086	0.007	0.043
256	-0.016	-0.065	-0.030	-0.045	0.234	-0.036	-0.104	-0.079	-0.118	0.258	-0.133	-0.058	0.028	0.192	-0.188	0.219	0.091	-0.001	-0.041	0.168	0.114	-0.107	-0.000	0.034	0.135	0.079	0.128	-0.160	-0.050	-0.139	-0.056	-0.165	-0.095	-0.050	-0.060	-0.046	0.118	-0.041	0.277	-0.103	-0.070	0.108	-0.001	-0.153	-0.059	0.097	-0.006	0.111	-0.056	-0.044	1.000	-0.029	-0.043	-0.028	0.150	-0.028	-0.105	0.013	-0.068	-0.057	-0.048	0.239	0.007	0.032	0.131	-0.084	0.032	-0.046	0.149	0.010	-0.139	0.009	0.133	-0.018	-0.044	-0.039	-0.025	0.251	0.026	0.001	0.131	0.004	0.197	0.020	-0.042	-0.095	-0.061	-0.031	-0.011	0.116	0.052	-0.158	-0.030	-0.066	-0.057	-0.065	-0.068	-0.122	-0.048	0.129	0.039	0.002	0.056	-0.099	-0.154	-0.020	-0.189	0.205	-0.021	-0.031
259	-0.112	-0.182	-0.107	-0.065	-0.087	0.310	0.250	-0.073	0.261	0.013	-0.129	0.043	0.463	-0.104	0.060	-0.040	-0.012	0.019	-0.139	-0.117	-0.129	-0.230	-0.064	0.034	-0.141	0.025	-0.014	-0.105	-0.076	-0.138	0.169	-0.311	-0.088	0.003	-0.057	0.114	-0.082	-0.185	0.218	-0.005	0.055	-0.119	0.410	-0.088	0.275	-0.180	-0.107	0.016	0.377	-0.191	-0.029	1.000	-0.003	0.045	0.049	0.049	-0.022	-0.055	-0.002	0.059	0.097	-0.080	0.064	0.045	0.002	-0.136	0.086	-0.052	-0.090	-0.065	0.157	-0.024	0.115	0.268	-0.286	0.029	-0.033	-0.236	0.145	-0.018	-0.145	0.179	-0.171	0.261	-0.050	-0.074	0.020	-0.096	-0.051	0.110	0.064	-0.182	0.118	-0.004	-0.055	0.209	-0.047	-0.194	-0.022	-0.092	0.129	-0.105	0.163	-0.064	-0.022	0.477	0.072	-0.130	-0.018	0.034
26	-0.245	0.463	-0.138	-0.150	-0.064	0.031	-0.235	-0.200	-0.088	0.019	0.273	-0.186	-0.098	-0.018	0.277	0.023	-0.058	0.015	-0.072	-0.156	-0.048	0.293	-0.185	-0.025	-0.098	0.066	-0.086	0.035	-0.191	0.205	-0.111	0.134	0.280	-0.069	-0.031	-0.027	-0.089	-0.029	-0.142	-0.127	-0.081	-0.031	-0.063	-0.018	-0.122	-0.056	0.122	-0.079	-0.070	0.295	-0.043	-0.003	1.000	-0.096	-0.097	-0.049	0.353	0.004	0.259	-0.103	-0.046	-0.010	-0.138	-0.020	-0.046	0.008	-0.036	0.349	-0.019	0.105	-0.072	-0.090	0.051	-0.017	0.300	0.009	-0.141	-0.137	-0.027	-0.143	-0.034	-0.040	-0.022	-0.208	-0.267	0.264	0.215	0.290	-0.189	-0.122	-0.010	0.178	-0.052	0.289	-0.160	-0.031	0.282	0.355	-0.118	-0.074	0.068	0.241	-0.050	0.317	-0.067	-0.038	0.207	-0.098	0.002	-0.041
265	0.084	-0.071	0.033	0.160	0.023	-0.078	0.022	0.077	-0.025	-0.078	-0.049	-0.000	0.035	-0.025	0.009	-0.100	-0.024	-0.064	-0.048	-0.018	-0.086	-0.096	0.112	0.054	-0.130	0.002	-0.047	0.078	0.070	0.075	0.045	-0.060	-0.085	0.093	0.053	0.053	-0.034	-0.060	-0.066	0.053	0.023	-0.089	0.054	0.008	0.046	0.084	-0.008	0.039	0.028	-0.072	-0.028	0.045	-0.096	1.000	-0.042	-0.020	-0.044	0.080	-0.066	0.069	0.122	-0.071	0.021	-0.016	0.014	-0.113	0.010	-0.019	-0.028	-0.132	0.082	0.198	-0.046	0.023	-0.063	0.007	0.113	-0.034	-0.052	0.154	-0.137	-0.110	-0.041	-0.039	0.080	-0.067	0.056	-0.035	0.131	-0.006	-0.032	-0.064	0.018	-0.071	0.019	-0.003	-0.016	-0.110	0.139	-0.022	0.017	-0.055	0.093	-0.044	0.059	0.004	-0.062	-0.096	0.007	0.007
