OTU_id	1	10	101	103	104	11	111	12	123	128	13	130	131	135	14	144	145	147	15	156	157	16	162	166	167	168	17	18	188	19	194	2	20	200	206	21	210	22	222	224	226	227	229	23	234	235	24	240	244	25	256	259	26	265	27	270	28	282	29	299	3	30	302	309	31	32	325	33	34	36	361	368	38	393	4	40	407	42	421	43	44	45	46	47	5	51	54	56	58	59	590	6	60	61	62	66	67	7	70	72	74	75	77	8	86	88	9	93	96	98
1	1.000	-0.236	-0.024	-0.041	-0.131	-0.259	-0.188	0.008	-0.132	-0.123	-0.165	-0.184	-0.321	-0.138	-0.268	-0.135	-0.016	-0.008	-0.058	-0.138	-0.091	-0.202	0.048	-0.057	-0.141	-0.091	-0.205	-0.138	-0.038	-0.204	-0.172	-0.203	-0.174	-0.062	0.015	-0.210	-0.006	-0.156	-0.199	-0.047	-0.052	-0.093	-0.216	-0.137	-0.197	0.062	-0.155	-0.002	-0.201	-0.257	-0.142	-0.226	-0.195	0.021	-0.235	-0.104	-0.234	-0.100	-0.178	-0.098	-0.197	-0.117	-0.121	-0.089	-0.295	-0.109	-0.060	-0.163	-0.119	-0.161	-0.238	-0.082	-0.159	-0.195	-0.240	-0.073	0.032	-0.155	-0.204	0.035	-0.123	-0.260	-0.124	-0.175	-0.078	-0.024	-0.132	-0.246	-0.002	-0.126	-0.070	-0.068	0.000	-0.166	0.285	-0.170	-0.215	-0.256	-0.023	-0.060	-0.179	-0.252	-0.134	-0.256	-0.170	-0.288	-0.426	-0.125	-0.125	-0.124
10	-0.236	1.000	-0.074	-0.085	-0.105	-0.057	-0.092	-0.126	-0.056	-0.058	0.402	-0.120	-0.093	-0.075	0.643	-0.071	-0.058	-0.043	-0.074	-0.087	-0.053	0.655	-0.051	-0.062	-0.096	-0.017	-0.082	-0.032	-0.063	0.163	-0.122	0.071	0.567	-0.059	-0.076	-0.062	-0.077	-0.104	-0.098	-0.094	-0.052	-0.095	-0.073	-0.072	-0.107	-0.050	-0.040	0.000	-0.069	0.530	-0.079	-0.077	0.825	-0.069	-0.087	-0.052	0.891	-0.053	0.147	-0.097	-0.053	-0.082	-0.051	-0.011	-0.091	-0.043	-0.030	0.431	-0.040	0.149	-0.097	-0.037	-0.066	-0.085	0.905	-0.034	-0.074	-0.064	-0.085	-0.075	-0.063	-0.104	-0.066	-0.075	-0.107	0.246	0.223	0.679	-0.091	-0.077	-0.038	0.622	-0.055	0.582	-0.063	-0.082	0.794	0.754	-0.042	-0.037	0.024	0.426	-0.039	0.883	-0.056	-0.078	0.548	-0.080	-0.034	-0.033
101	-0.024	-0.074	1.000	0.149	-0.060	-0.060	-0.069	0.377	-0.059	-0.028	-0.074	0.166	-0.090	-0.087	-0.013	-0.055	0.021	0.014	0.082	0.026	0.016	-0.114	0.067	-0.086	0.086	-0.047	-0.115	0.131	0.592	0.157	0.168	0.081	-0.002	0.006	0.112	-0.049	0.065	-0.034	-0.056	0.520	-0.048	-0.037	-0.008	0.045	0.005	-0.003	-0.082	0.630	-0.078	-0.116	-0.025	-0.071	-0.107	-0.034	-0.135	-0.046	-0.102	-0.061	0.061	-0.021	-0.059	-0.060	-0.047	-0.039	-0.135	-0.080	-0.055	-0.146	0.019	-0.044	-0.081	-0.050	0.010	-0.021	-0.124	-0.052	0.198	-0.030	-0.018	0.016	0.012	-0.135	-0.051	0.014	-0.015	-0.093	-0.063	-0.113	0.061	-0.068	-0.036	-0.088	-0.072	-0.073	0.447	0.103	-0.078	-0.095	0.110	-0.039	0.006	-0.126	-0.037	-0.119	-0.052	-0.083	-0.087	0.006	-0.061	-0.053
103	-0.041	-0.085	0.149	1.000	-0.045	-0.084	-0.045	0.375	-0.039	-0.049	-0.020	-0.016	-0.048	-0.048	-0.061	-0.040	-0.023	-0.004	0.033	0.030	-0.053	-0.113	0.011	0.092	-0.069	-0.031	-0.100	0.023	0.159	0.042	0.022	0.062	0.015	0.100	0.273	0.018	0.005	0.044	-0.085	0.003	-0.009	-0.030	-0.062	0.076	-0.067	0.008	-0.045	0.002	0.027	0.017	-0.042	-0.065	-0.061	0.179	-0.041	-0.034	-0.072	-0.024	-0.066	0.104	0.047	0.054	-0.038	-0.040	0.033	-0.021	-0.043	-0.082	-0.054	-0.051	0.151	0.340	-0.091	0.076	-0.046	0.007	-0.003	-0.003	-0.046	0.250	-0.069	-0.108	-0.058	0.057	0.020	0.040	-0.034	-0.086	0.131	-0.067	-0.042	-0.108	-0.019	-0.045	0.050	-0.065	-0.040	-0.073	-0.014	0.023	0.027	-0.096	-0.015	-0.064	0.129	-0.087	-0.105	-0.077	-0.036	-0.039
104	-0.131	-0.105	-0.060	-0.045	1.000	-0.039	0.052	-0.126	0.132	0.370	-0.038	-0.022	-0.086	0.458	-0.093	0.409	0.089	-0.063	0.180	0.338	0.396	-0.031	-0.048	0.008	0.523	0.265	0.167	-0.071	-0.019	0.056	0.100	0.034	0.013	0.017	-0.011	-0.068	0.134	0.102	0.166	0.013	0.077	0.305	-0.074	0.075	-0.125	0.003	0.081	-0.035	-0.053	-0.037	0.286	-0.075	-0.114	0.036	0.095	0.205	-0.082	0.065	0.120	-0.054	-0.078	0.413	0.193	0.261	0.196	-0.026	-0.053	-0.046	0.446	-0.041	-0.021	0.091	0.094	-0.064	-0.081	-0.051	-0.004	0.569	-0.049	-0.018	0.354	0.199	0.586	-0.034	-0.065	0.082	-0.030	-0.045	-0.042	0.237	-0.042	0.018	-0.024	-0.057	0.017	-0.074	-0.076	-0.024	-0.056	-0.040	-0.124	-0.033	0.033	-0.065	-0.072	-0.117	-0.127	0.645	-0.033	-0.036
11	-0.259	-0.057	-0.060	-0.084	-0.039	1.000	0.136	-0.009	-0.016	0.028	-0.014	0.182	0.583	-0.048	0.095	-0.015	-0.041	-0.065	-0.048	0.059	-0.084	-0.058	-0.063	0.162	-0.042	-0.023	-0.003	-0.072	-0.061	0.013	0.274	0.086	-0.073	-0.089	-0.089	0.092	-0.020	-0.068	0.307	0.021	-0.100	-0.061	0.697	-0.021	0.301	-0.051	-0.012	-0.023	0.778	-0.049	0.069	0.787	-0.067	-0.042	0.067	-0.066	-0.023	-0.052	-0.022	-0.013	-0.087	-0.115	-0.056	-0.029	0.007	-0.060	-0.063	-0.051	-0.078	-0.050	0.662	-0.058	0.179	0.272	-0.051	-0.068	0.016	-0.080	0.150	-0.050	0.053	0.213	-0.094	0.602	-0.069	-0.003	-0.018	-0.054	-0.041	0.109	-0.050	0.025	-0.064	-0.040	-0.088	0.449	-0.023	-0.024	-0.040	-0.065	0.190	-0.064	0.044	-0.009	0.022	0.329	0.186	-0.056	-0.060	-0.056
111	-0.188	-0.092	-0.069	-0.045	0.052	0.136	1.000	-0.037	0.885	-0.047	-0.129	0.194	0.308	0.000	0.005	-0.074	-0.032	-0.024	-0.121	0.152	-0.076	-0.053	-0.061	0.006	0.159	-0.043	-0.086	0.173	-0.044	-0.084	0.120	-0.118	-0.089	0.000	-0.075	0.097	0.026	0.004	-0.052	0.171	0.836	0.257	0.219	-0.067	0.064	-0.054	-0.074	-0.042	0.166	-0.050	-0.023	0.161	-0.101	-0.029	-0.039	0.789	-0.079	-0.057	0.126	0.020	-0.070	-0.003	0.828	-0.038	-0.045	-0.049	-0.015	-0.057	-0.044	-0.050	0.111	-0.047	-0.003	0.028	-0.088	-0.050	-0.033	-0.051	0.006	-0.007	-0.056	-0.069	-0.076	0.280	-0.089	-0.043	-0.017	-0.110	-0.067	-0.041	-0.013	-0.083	0.189	-0.056	-0.070	0.002	-0.075	-0.114	-0.010	-0.006	0.034	-0.083	-0.011	-0.058	-0.047	0.103	0.091	-0.058	-0.049	-0.044
12	0.008	-0.126	0.377	0.375	-0.126	-0.009	-0.037	1.000	-0.061	-0.098	0.074	0.014	-0.084	-0.097	-0.108	-0.108	-0.035	-0.031	-0.071	-0.028	-0.073	-0.110	0.043	0.095	-0.005	-0.049	-0.140	0.163	0.382	0.000	0.171	0.142	-0.103	-0.028	-0.037	-0.009	0.036	-0.060	-0.082	0.216	-0.038	-0.085	-0.074	-0.050	0.068	-0.044	-0.092	-0.055	-0.071	-0.125	-0.071	-0.069	-0.145	0.104	-0.119	-0.061	-0.126	-0.054	-0.156	-0.076	-0.079	-0.131	-0.061	-0.054	-0.088	-0.075	-0.064	-0.145	-0.028	-0.099	0.058	-0.058	-0.111	-0.028	-0.104	0.213	0.014	-0.079	-0.132	0.500	-0.028	-0.111	-0.077	-0.073	0.167	-0.072	-0.079	-0.144	0.151	-0.077	-0.065	0.035	-0.051	-0.099	0.089	0.053	-0.099	-0.115	0.142	-0.044	-0.136	-0.139	-0.040	-0.105	-0.067	-0.127	-0.132	-0.061	-0.075	-0.070
123	-0.132	-0.056	-0.059	-0.039	0.132	-0.016	0.885	-0.061	1.000	-0.069	-0.087	0.051	0.050	-0.008	0.009	-0.061	-0.034	-0.031	-0.086	0.189	-0.043	-0.022	-0.044	-0.057	0.229	-0.033	-0.029	0.004	-0.030	-0.077	-0.008	-0.082	-0.055	-0.007	-0.055	0.005	0.012	0.063	0.082	0.098	0.860	0.278	-0.042	-0.070	-0.049	-0.041	-0.054	-0.041	0.030	-0.000	-0.058	0.048	-0.061	-0.050	-0.032	0.935	-0.050	-0.038	0.210	-0.037	-0.041	0.056	0.962	-0.028	-0.025	-0.043	-0.025	-0.068	-0.014	-0.023	0.027	-0.030	-0.063	0.036	-0.056	-0.030	-0.044	-0.014	-0.023	-0.054	-0.034	-0.002	-0.034	0.052	-0.060	-0.059	0.003	-0.067	-0.060	-0.026	-0.030	-0.054	0.123	-0.045	-0.054	0.059	-0.047	-0.064	-0.020	-0.022	-0.027	-0.046	-0.029	-0.052	-0.029	-0.020	0.004	-0.018	-0.028	-0.024
128	-0.123	-0.058	-0.028	-0.049	0.370	0.028	-0.047	-0.098	-0.069	1.000	-0.080	-0.082	0.002	0.379	-0.061	0.685	0.021	-0.052	-0.006	0.014	0.231	-0.050	-0.045	-0.072	0.192	0.295	0.223	-0.059	0.113	-0.077	0.016	-0.051	-0.048	-0.007	-0.044	-0.032	0.004	-0.029	0.245	-0.046	-0.062	0.277	0.118	0.009	-0.084	-0.024	0.007	-0.042	-0.027	-0.051	0.519	0.001	-0.039	-0.033	0.015	-0.040	-0.070	-0.039	-0.036	0.041	-0.069	0.310	-0.038	0.246	0.221	0.015	-0.039	-0.058	0.245	-0.046	-0.047	-0.003	0.332	0.220	-0.057	-0.038	-0.073	0.423	0.063	0.013	0.309	-0.011	0.377	-0.019	-0.080	-0.044	-0.044	-0.064	-0.061	-0.012	-0.037	-0.077	-0.005	-0.031	-0.048	-0.017	-0.069	-0.090	-0.026	-0.034	0.053	-0.025	-0.045	0.032	-0.037	0.107	-0.053	0.325	-0.026	-0.028
13	-0.165	0.402	-0.074	-0.020	-0.038	-0.014	-0.129	0.074	-0.087	-0.080	1.000	-0.054	-0.160	-0.008	0.114	-0.021	-0.082	-0.084	0.020	-0.071	-0.030	0.323	-0.023	0.162	-0.066	-0.009	-0.103	0.135	-0.049	0.425	-0.141	0.529	0.166	0.015	-0.015	-0.048	-0.008	-0.118	-0.147	-0.007	-0.062	-0.027	-0.114	0.036	-0.159	-0.056	-0.061	-0.069	-0.111	0.563	-0.096	-0.112	0.303	0.077	-0.022	-0.055	0.501	-0.052	0.246	-0.142	-0.096	-0.011	-0.065	-0.048	0.021	-0.074	-0.061	0.327	-0.032	0.008	-0.050	0.230	-0.107	-0.138	0.551	0.010	-0.069	-0.051	-0.126	-0.082	-0.034	-0.116	-0.107	-0.115	-0.116	0.118	0.442	0.165	0.215	-0.121	-0.067	0.420	-0.009	0.069	-0.050	-0.085	0.482	0.544	-0.068	-0.074	0.117	0.335	-0.077	0.290	0.326	-0.142	0.101	-0.080	-0.068	-0.065
130	-0.184	-0.120	0.166	-0.016	-0.022	0.182	0.194	0.014	0.051	-0.082	-0.054	1.000	0.215	-0.057	0.087	-0.092	-0.067	-0.056	0.036	-0.030	-0.066	-0.057	-0.014	0.052	-0.084	-0.070	-0.076	0.357	0.021	0.108	0.327	0.101	-0.088	-0.022	-0.002	0.173	0.151	-0.087	-0.082	0.214	-0.032	-0.074	0.120	0.072	0.340	0.038	-0.052	0.133	-0.008	-0.099	-0.039	-0.045	-0.117	0.102	-0.069	0.013	-0.107	-0.000	0.072	0.163	-0.047	-0.102	0.004	-0.051	-0.154	-0.083	-0.049	-0.022	-0.085	-0.064	0.128	-0.022	0.120	-0.003	-0.162	-0.064	0.051	-0.106	0.093	-0.061	-0.031	-0.005	-0.058	0.137	-0.050	-0.038	-0.053	-0.084	0.059	-0.057	-0.035	-0.031	-0.032	-0.069	-0.024	0.108	-0.080	-0.036	0.100	-0.019	0.259	-0.112	-0.062	-0.077	-0.006	0.294	0.318	-0.046	-0.065	-0.060
131	-0.321	-0.093	-0.090	-0.048	-0.086	0.583	0.308	-0.084	0.050	0.002	-0.160	0.215	1.000	-0.059	0.153	-0.051	-0.018	-0.042	-0.104	-0.007	-0.074	-0.119	-0.054	-0.014	-0.104	-0.019	-0.066	0.299	-0.081	-0.122	0.097	-0.152	-0.088	-0.038	-0.041	0.159	-0.049	-0.080	0.379	-0.041	-0.060	-0.077	0.595	-0.079	0.327	-0.061	-0.029	-0.028	0.677	-0.092	0.112	0.717	-0.069	-0.045	0.022	-0.029	-0.058	-0.040	-0.053	0.199	-0.062	-0.116	-0.032	-0.030	-0.025	-0.064	-0.023	-0.043	-0.065	-0.047	0.519	-0.040	0.089	0.352	-0.141	-0.046	-0.030	-0.099	0.305	-0.008	-0.040	0.192	-0.075	0.679	-0.011	-0.015	-0.034	-0.082	-0.086	0.024	-0.013	-0.163	-0.038	-0.023	-0.117	0.256	-0.052	-0.120	-0.020	-0.036	0.113	-0.080	0.070	-0.055	-0.015	0.426	0.300	-0.090	-0.044	-0.037
135	-0.138	-0.075	-0.087	-0.048	0.458	-0.048	0.000	-0.097	-0.008	0.379	-0.008	-0.057	-0.059	1.000	-0.103	0.558	0.118	-0.058	-0.023	0.099	0.290	-0.037	-0.054	0.144	0.525	0.141	0.166	-0.073	-0.018	0.012	-0.045	-0.018	-0.062	0.018	-0.030	-0.105	0.169	-0.069	0.119	0.007	0.067	0.328	-0.039	-0.012	-0.092	-0.031	-0.030	-0.035	-0.025	-0.029	0.298	-0.054	-0.059	0.079	0.165	-0.023	-0.080	-0.003	-0.038	-0.052	-0.060	0.347	0.001	0.060	0.108	-0.048	-0.043	-0.018	0.787	-0.061	0.016	0.014	0.155	-0.048	-0.075	-0.036	-0.072	0.543	-0.081	-0.061	0.095	0.040	0.601	-0.001	-0.094	-0.073	-0.038	-0.060	-0.055	0.134	-0.040	-0.002	0.055	-0.050	-0.066	-0.002	-0.043	-0.069	-0.047	-0.028	-0.086	-0.046	-0.009	-0.059	-0.009	-0.067	-0.117	0.433	-0.043	-0.042
14	-0.268	0.643	-0.013	-0.061	-0.093	0.095	0.005	-0.108	0.009	-0.061	0.114	0.087	0.153	-0.103	1.000	-0.089	-0.061	-0.061	-0.105	-0.065	-0.074	0.511	-0.065	-0.054	-0.139	-0.038	-0.061	0.110	-0.059	0.062	0.028	-0.030	0.773	-0.070	-0.052	0.049	-0.084	-0.110	0.172	-0.005	-0.069	-0.064	-0.008	-0.054	-0.003	-0.050	-0.061	0.046	0.093	0.450	-0.063	0.124	0.689	-0.054	-0.086	-0.061	0.435	-0.051	0.063	-0.046	-0.067	-0.100	-0.060	-0.031	-0.072	-0.066	-0.042	0.338	-0.069	-0.002	0.107	-0.014	-0.011	0.151	0.543	-0.032	-0.050	-0.083	-0.045	-0.084	-0.086	0.007	-0.083	0.160	-0.069	0.363	0.094	0.779	-0.082	-0.083	-0.043	0.194	-0.068	0.844	-0.071	0.278	0.245	0.419	-0.037	-0.057	0.102	0.364	-0.049	0.643	-0.044	0.005	0.732	-0.103	-0.039	-0.035
144	-0.135	-0.071	-0.055	-0.040	0.409	-0.015	-0.074	-0.108	-0.061	0.685	-0.021	-0.092	-0.051	0.558	-0.089	1.000	0.048	-0.062	0.046	0.069	0.249	-0.038	-0.049	-0.075	0.435	0.275	0.287	-0.063	0.049	-0.065	-0.027	-0.054	-0.045	-0.017	-0.031	-0.099	0.185	-0.032	0.198	-0.058	-0.064	0.385	-0.057	-0.027	-0.114	0.006	-0.005	-0.050	-0.013	-0.049	0.301	-0.034	-0.019	-0.036	0.229	-0.034	-0.082	0.058	-0.024	-0.056	-0.081	0.434	-0.038	0.244	0.286	-0.030	-0.045	-0.056	0.413	-0.060	-0.050	0.007	0.384	-0.056	-0.070	-0.048	-0.078	0.553	-0.033	-0.062	0.292	0.054	0.566	-0.033	-0.097	-0.065	-0.044	-0.051	-0.014	0.038	-0.049	-0.050	-0.059	-0.059	-0.105	-0.007	-0.079	-0.094	-0.052	-0.038	-0.090	-0.012	0.061	-0.046	-0.039	-0.070	-0.081	0.441	-0.022	-0.030
145	-0.016	-0.058	0.021	-0.023	0.089	-0.041	-0.032	-0.035	-0.034	0.021	-0.082	-0.067	-0.018	0.118	-0.061	0.048	1.000	0.850	0.256	-0.019	0.027	0.008	-0.019	-0.043	0.123	-0.030	0.012	-0.035	-0.001	-0.031	-0.050	-0.069	-0.048	-0.012	0.012	0.051	-0.001	0.093	0.029	-0.038	-0.033	0.043	-0.011	0.026	-0.067	-0.041	-0.036	-0.039	-0.013	-0.035	0.057	-0.010	-0.072	-0.027	-0.013	-0.031	-0.048	-0.028	-0.049	-0.010	-0.039	0.024	-0.031	-0.028	-0.010	0.018	-0.021	-0.051	0.336	-0.008	-0.025	-0.009	-0.060	-0.032	-0.036	-0.024	-0.050	0.097	-0.021	-0.040	0.265	-0.002	0.131	0.002	-0.057	-0.051	-0.023	-0.055	-0.046	0.047	-0.024	-0.087	-0.016	-0.042	0.011	-0.046	-0.048	-0.060	-0.025	0.157	-0.057	-0.056	-0.019	-0.058	-0.039	-0.043	-0.092	0.096	-0.026	-0.027
147	-0.008	-0.043	0.014	-0.004	-0.063	-0.065	-0.024	-0.031	-0.031	-0.052	-0.084	-0.056	-0.042	-0.058	-0.061	-0.062	0.850	1.000	0.226	-0.045	-0.038	0.015	-0.022	-0.036	-0.014	-0.032	-0.018	-0.045	-0.012	-0.037	-0.075	-0.060	-0.048	-0.033	-0.007	0.050	-0.045	0.125	-0.035	-0.050	-0.033	0.013	-0.038	-0.001	-0.068	-0.040	-0.042	-0.040	-0.040	-0.033	-0.031	-0.039	-0.031	-0.039	-0.044	-0.033	-0.039	-0.034	-0.057	-0.031	-0.031	-0.053	-0.031	-0.024	-0.031	0.033	-0.020	-0.052	0.123	-0.001	-0.057	-0.022	-0.065	-0.035	-0.033	-0.017	-0.045	-0.025	-0.026	-0.047	0.236	-0.022	-0.038	-0.027	-0.058	-0.059	-0.022	-0.054	-0.055	-0.013	-0.025	-0.099	-0.027	-0.039	0.009	-0.051	-0.038	-0.042	-0.020	0.595	-0.057	-0.055	-0.006	-0.035	-0.036	-0.046	-0.084	-0.018	-0.023	-0.024
15	-0.058	-0.074	0.082	0.033	0.180	-0.048	-0.121	-0.071	-0.086	-0.006	0.020	0.036	-0.104	-0.023	-0.105	0.046	0.256	0.226	1.000	0.356	0.061	0.045	-0.060	-0.036	0.086	0.316	-0.008	0.024	0.016	0.320	0.009	0.234	0.128	-0.057	0.026	0.288	0.024	0.496	-0.100	-0.036	-0.057	0.047	-0.100	0.490	-0.150	0.034	0.510	0.163	-0.101	0.018	0.053	-0.098	0.015	-0.013	0.097	-0.047	-0.094	-0.049	0.276	-0.061	-0.082	0.088	-0.052	0.341	0.160	0.347	-0.057	-0.056	-0.030	0.319	-0.031	0.297	0.055	-0.083	0.053	0.001	0.171	0.329	-0.103	-0.050	0.347	0.177	-0.016	-0.079	-0.105	-0.055	-0.056	0.122	0.038	0.138	-0.039	0.007	-0.067	-0.067	0.103	-0.063	-0.072	0.011	-0.060	-0.001	-0.139	0.150	-0.069	-0.105	-0.057	-0.135	0.105	0.222	0.280	0.276
156	-0.138	-0.087	0.026	0.030	0.338	0.059	0.152	-0.028	0.189	0.014	-0.071	-0.030	-0.007	0.099	-0.065	0.069	-0.019	-0.045	0.356	1.000	0.243	-0.000	-0.032	-0.034	0.354	0.147	0.012	-0.021	0.049	-0.016	0.097	0.202	-0.055	-0.005	-0.036	0.178	0.113	0.353	-0.016	-0.009	0.121	0.207	-0.071	-0.060	-0.110	0.067	0.315	-0.009	-0.027	-0.018	0.193	-0.063	-0.100	0.016	0.056	0.215	-0.072	-0.025	0.014	0.061	-0.074	0.233	0.209	0.145	0.042	0.009	-0.046	-0.044	0.071	0.037	-0.027	-0.021	0.017	-0.048	-0.051	-0.040	0.336	0.372	-0.068	-0.062	0.565	0.466	0.157	0.179	-0.047	-0.023	-0.032	0.118	0.094	0.312	-0.007	0.128	-0.048	-0.052	0.006	-0.001	-0.067	-0.022	-0.051	-0.042	0.018	-0.030	-0.033	-0.061	-0.058	-0.096	-0.005	0.322	-0.035	-0.035
157	-0.091	-0.053	0.016	-0.053	0.396	-0.084	-0.076	-0.073	-0.043	0.231	-0.030	-0.066	-0.074	0.290	-0.074	0.249	0.027	-0.038	0.061	0.243	1.000	0.017	-0.023	0.111	0.237	0.249	0.147	-0.053	0.022	0.013	0.054	0.018	-0.034	0.102	-0.016	-0.097	0.077	0.108	0.026	-0.029	-0.036	0.169	-0.053	0.021	-0.085	-0.042	0.127	-0.031	-0.041	-0.047	0.055	-0.047	-0.034	-0.017	0.070	-0.015	-0.043	-0.030	0.032	-0.022	-0.058	0.804	-0.016	0.202	0.135	-0.018	-0.028	-0.007	0.217	-0.040	0.019	-0.016	0.093	-0.052	-0.054	-0.031	-0.066	0.473	-0.031	-0.034	0.126	0.356	0.293	-0.043	-0.065	-0.021	-0.024	-0.045	-0.073	0.682	-0.026	-0.021	-0.032	-0.018	-0.058	-0.024	-0.042	0.022	-0.036	-0.031	-0.077	0.019	-0.041	-0.065	-0.025	-0.078	-0.092	0.524	-0.012	-0.015
16	-0.202	0.655	-0.114	-0.113	-0.031	-0.058	-0.053	-0.110	-0.022	-0.050	0.323	-0.057	-0.119	-0.037	0.511	-0.038	0.008	0.015	0.045	-0.000	0.017	1.000	-0.064	-0.004	-0.051	0.137	-0.079	-0.062	-0.073	0.307	-0.085	0.162	0.589	-0.077	-0.064	-0.012	-0.054	-0.003	-0.114	-0.085	-0.034	0.009	-0.073	-0.039	-0.060	-0.050	0.050	-0.062	-0.084	0.679	-0.059	-0.106	0.747	-0.062	-0.064	-0.001	0.464	-0.048	0.255	-0.067	-0.078	-0.047	-0.004	0.137	-0.068	0.002	-0.046	0.427	-0.006	0.020	-0.088	-0.049	0.036	-0.106	0.655	-0.047	-0.076	0.067	-0.115	-0.097	-0.023	-0.057	-0.044	-0.086	-0.128	0.268	0.317	0.623	-0.097	-0.038	-0.052	0.302	-0.071	0.525	-0.093	-0.035	0.345	0.842	-0.011	-0.021	0.104	0.596	-0.059	0.782	-0.061	-0.113	0.416	0.001	-0.001	-0.002
162	0.048	-0.051	0.067	0.011	-0.048	-0.063	-0.061	0.043	-0.044	-0.045	-0.023	-0.014	-0.054	-0.054	-0.065	-0.049	-0.019	-0.022	-0.060	-0.032	-0.023	-0.064	1.000	-0.026	-0.055	-0.034	-0.069	0.077	0.025	-0.045	-0.026	-0.008	-0.044	0.017	0.083	-0.069	-0.021	-0.042	-0.062	0.102	-0.038	-0.081	-0.038	-0.032	-0.063	-0.034	-0.046	-0.039	-0.041	-0.043	-0.044	-0.037	-0.066	0.010	-0.058	-0.036	-0.045	-0.030	-0.067	-0.008	-0.029	-0.033	-0.031	-0.026	-0.053	-0.030	-0.016	-0.061	-0.032	-0.037	-0.008	0.028	-0.078	-0.029	-0.059	0.001	0.680	-0.054	-0.019	0.210	-0.029	-0.066	-0.046	-0.052	0.117	-0.056	-0.024	-0.064	0.175	-0.031	-0.019	-0.072	-0.032	-0.042	0.013	-0.046	-0.032	-0.069	0.166	-0.028	-0.062	-0.054	-0.029	-0.052	-0.035	-0.061	-0.096	-0.035	-0.027	-0.026
166	-0.057	-0.062	-0.086	0.092	0.008	0.162	0.006	0.095	-0.057	-0.072	0.162	0.052	-0.014	0.144	-0.054	-0.075	-0.043	-0.036	-0.036	-0.034	0.111	-0.004	-0.026	1.000	0.091	0.114	-0.086	-0.014	-0.029	0.067	0.325	0.053	-0.033	-0.020	0.011	-0.019	-0.005	-0.082	-0.001	-0.071	-0.057	0.086	0.080	0.106	0.122	0.008	-0.062	-0.030	-0.016	0.031	0.009	0.028	-0.049	0.120	-0.008	-0.039	-0.070	-0.005	-0.079	-0.079	-0.030	-0.025	-0.051	-0.038	0.042	-0.056	-0.043	0.029	0.114	-0.057	0.240	0.165	-0.062	0.023	-0.020	-0.027	-0.028	0.075	0.120	-0.050	-0.085	-0.006	-0.052	-0.057	-0.043	0.039	-0.041	-0.085	0.078	-0.019	-0.043	0.147	-0.044	-0.053	0.021	0.180	-0.065	-0.027	-0.041	-0.004	-0.026	-0.089	-0.050	-0.040	0.070	0.137	0.048	0.202	-0.042	-0.044
167	-0.141	-0.096	0.086	-0.069	0.523	-0.042	0.159	-0.005	0.229	0.192	-0.066	-0.084	-0.104	0.525	-0.139	0.435	0.123	-0.014	0.086	0.354	0.237	-0.051	-0.055	0.091	1.000	0.058	0.137	-0.074	0.247	-0.007	0.056	-0.013	-0.040	-0.016	-0.072	-0.066	0.589	0.044	0.172	0.007	0.211	0.387	-0.109	-0.003	-0.086	-0.034	0.010	0.022	-0.037	-0.068	0.301	-0.068	-0.092	-0.051	0.139	0.255	-0.093	-0.051	0.061	-0.079	-0.089	0.321	0.266	0.032	0.134	-0.056	-0.052	-0.096	0.632	-0.037	-0.012	-0.034	0.114	-0.095	-0.096	-0.051	0.007	0.490	-0.105	0.001	0.185	0.112	0.681	-0.034	-0.124	-0.031	-0.042	-0.063	0.071	0.271	-0.046	0.066	-0.014	-0.063	0.045	-0.046	-0.089	-0.076	-0.054	-0.008	-0.130	-0.068	-0.062	-0.088	-0.062	-0.129	-0.158	0.487	-0.047	-0.048
168	-0.091	-0.017	-0.047	-0.031	0.265	-0.023	-0.043	-0.049	-0.033	0.295	-0.009	-0.070	-0.019	0.141	-0.038	0.275	-0.030	-0.032	0.316	0.147	0.249	0.137	-0.034	0.114	0.058	1.000	0.017	-0.041	-0.016	0.016	-0.012	-0.011	-0.001	-0.003	-0.021	-0.013	-0.035	0.182	0.019	-0.001	-0.030	0.339	-0.005	0.009	-0.053	-0.006	0.210	-0.041	-0.014	-0.024	0.058	-0.012	-0.035	-0.023	0.084	-0.025	-0.039	-0.024	0.150	-0.044	-0.039	0.063	-0.029	0.965	0.238	0.057	-0.024	0.042	0.015	-0.020	0.048	0.000	0.496	0.007	-0.012	-0.019	-0.042	0.761	-0.050	-0.039	-0.026	0.097	0.067	-0.023	-0.059	-0.038	-0.023	0.025	-0.052	0.014	-0.020	-0.027	-0.010	-0.038	-0.058	0.027	-0.040	0.007	-0.025	-0.027	-0.051	0.144	-0.023	-0.038	-0.001	-0.042	0.090	0.444	0.039	0.019
17	-0.205	-0.082	-0.115	-0.100	0.167	-0.003	-0.086	-0.140	-0.029	0.223	-0.103	-0.076	-0.066	0.166	-0.061	0.287	0.012	-0.018	-0.008	0.012	0.147	-0.079	-0.069	-0.086	0.137	0.017	1.000	-0.106	-0.056	-0.093	0.006	-0.118	-0.060	0.052	-0.091	-0.099	-0.016	0.037	0.150	-0.088	-0.026	0.305	-0.095	0.020	0.012	0.024	-0.029	-0.063	0.043	-0.057	-0.015	0.017	-0.074	-0.050	0.829	-0.017	-0.075	0.163	-0.052	-0.126	-0.073	0.278	0.006	0.017	0.681	-0.047	-0.039	0.137	0.014	-0.054	-0.019	-0.045	0.252	-0.075	-0.116	-0.051	-0.071	0.104	-0.021	-0.056	0.198	0.282	0.218	-0.021	-0.100	-0.070	-0.046	-0.011	-0.098	0.306	-0.041	0.021	0.065	-0.038	-0.135	0.087	-0.024	-0.081	-0.054	-0.036	-0.126	-0.032	0.137	-0.094	-0.065	-0.102	-0.112	0.142	-0.017	-0.039
18	-0.138	-0.032	0.131	0.023	-0.071	-0.072	0.173	0.163	0.004	-0.059	0.135	0.357	0.299	-0.073	0.110	-0.063	-0.035	-0.045	0.024	-0.021	-0.053	-0.062	0.077	-0.014	-0.074	-0.041	-0.106	1.000	0.049	0.064	-0.016	0.066	-0.039	0.078	0.010	0.325	-0.004	0.058	-0.099	0.044	-0.064	-0.055	-0.072	0.133	-0.045	-0.045	0.129	0.068	-0.063	-0.063	-0.060	-0.084	-0.058	0.110	-0.078	-0.052	-0.021	-0.048	-0.043	-0.001	-0.063	-0.078	-0.051	-0.026	-0.078	0.150	-0.039	-0.081	-0.060	0.164	-0.037	0.009	-0.103	-0.062	-0.026	-0.044	-0.012	-0.073	-0.064	-0.018	-0.034	-0.098	-0.068	0.232	-0.077	-0.047	-0.024	-0.027	0.441	-0.065	-0.034	-0.020	-0.026	-0.039	0.088	-0.049	-0.009	-0.035	0.168	-0.046	-0.047	0.033	-0.051	-0.047	-0.045	-0.012	0.359	-0.069	0.173	0.172
188	-0.038	-0.063	0.592	0.159	-0.019	-0.061	-0.044	0.382	-0.030	0.113	-0.049	0.021	-0.081	-0.018	-0.059	0.049	-0.001	-0.012	0.016	0.049	0.022	-0.073	0.025	-0.029	0.247	-0.016	-0.056	0.049	1.000	0.011	0.033	0.094	-0.028	-0.017	0.006	-0.050	0.121	-0.046	0.028	0.193	0.005	0.016	-0.044	-0.029	-0.040	0.014	-0.060	0.079	-0.054	-0.069	0.049	-0.061	-0.050	-0.013	-0.090	-0.022	-0.063	-0.004	-0.040	-0.061	-0.052	-0.052	-0.013	-0.022	-0.043	-0.042	-0.036	-0.085	0.151	-0.038	-0.032	-0.015	-0.073	-0.040	-0.096	-0.028	0.020	0.023	-0.076	0.101	0.044	-0.093	-0.034	0.001	-0.051	-0.012	-0.029	-0.078	-0.034	-0.068	-0.021	-0.060	-0.020	-0.023	0.086	-0.002	-0.043	-0.070	0.049	-0.024	-0.026	-0.069	-0.019	-0.089	-0.040	-0.091	-0.105	-0.027	-0.036	-0.033
19	-0.204	0.163	0.157	0.042	0.056	0.013	-0.084	0.000	-0.077	-0.077	0.425	0.108	-0.122	0.012	0.062	-0.065	-0.031	-0.037	0.320	-0.016	0.013	0.307	-0.045	0.067	-0.007	0.016	-0.093	0.064	0.011	1.000	0.249	0.455	0.122	-0.054	0.027	0.249	0.022	0.203	-0.128	0.287	-0.047	-0.017	-0.014	0.512	-0.069	0.000	0.321	0.038	-0.094	0.522	-0.045	-0.100	0.216	0.118	-0.082	-0.053	0.276	-0.047	0.498	-0.046	-0.061	-0.020	-0.053	-0.009	-0.048	0.321	-0.061	0.313	-0.055	0.310	0.069	0.180	-0.005	-0.091	0.353	-0.054	0.093	0.008	-0.116	0.040	0.015	-0.112	-0.107	-0.089	-0.125	0.036	0.522	0.195	0.011	-0.021	-0.045	0.100	-0.063	0.019	-0.104	0.070	0.245	0.439	0.013	-0.043	0.236	0.556	-0.063	0.138	0.086	-0.123	0.197	-0.013	0.332	0.334
194	-0.172	-0.122	0.168	0.022	0.100	0.274	0.120	0.171	-0.008	0.016	-0.141	0.327	0.097	-0.045	0.028	-0.027	-0.050	-0.075	0.009	0.097	0.054	-0.085	-0.026	0.325	0.056	-0.012	0.006	-0.016	0.033	0.249	1.000	-0.041	-0.071	-0.020	-0.013	0.195	0.014	-0.071	-0.013	0.244	-0.021	0.053	0.186	0.194	0.437	-0.047	-0.036	0.045	0.054	-0.102	-0.023	0.094	-0.115	-0.015	-0.020	-0.016	-0.097	0.010	0.077	0.258	-0.064	-0.052	-0.019	-0.038	-0.002	-0.056	-0.046	0.049	-0.041	-0.070	0.203	-0.031	0.185	0.116	-0.142	-0.067	0.132	0.040	0.174	0.134	0.062	0.092	-0.012	0.120	-0.031	0.021	-0.046	-0.100	-0.050	0.119	-0.024	-0.015	-0.025	-0.064	-0.068	0.327	-0.094	-0.118	0.009	-0.069	0.251	-0.108	-0.004	-0.002	0.025	0.259	0.138	0.126	-0.063	-0.061
2	-0.203	0.071	0.081	0.062	0.034	0.086	-0.118	0.142	-0.082	-0.051	0.529	0.101	-0.152	-0.018	-0.030	-0.054	-0.069	-0.060	0.234	0.202	0.018	0.162	-0.008	0.053	-0.013	-0.011	-0.118	0.066	0.094	0.455	-0.041	1.000	0.055	-0.032	0.033	0.103	0.115	0.142	-0.158	0.028	-0.074	-0.079	-0.125	0.257	-0.103	0.012	0.175	-0.001	-0.117	0.301	-0.063	-0.136	0.053	0.059	-0.071	-0.060	0.097	-0.044	0.142	-0.071	-0.072	0.025	-0.045	-0.012	-0.013	0.144	-0.062	0.075	-0.074	0.123	0.062	0.165	-0.112	-0.101	0.208	-0.031	0.010	0.001	-0.091	-0.051	0.285	-0.043	-0.090	-0.088	-0.090	0.024	0.197	0.087	0.090	-0.049	-0.060	0.266	-0.038	-0.021	-0.075	-0.057	0.116	0.248	-0.002	-0.044	0.011	0.211	-0.083	0.057	0.360	-0.129	0.064	0.056	0.115	0.117
20	-0.174	0.567	-0.002	0.015	0.013	-0.073	-0.089	-0.103	-0.055	-0.048	0.166	-0.088	-0.088	-0.062	0.773	-0.045	-0.048	-0.048	0.128	-0.055	-0.034	0.589	-0.044	-0.033	-0.040	-0.001	-0.060	-0.039	-0.028	0.122	-0.071	0.055	1.000	-0.038	0.001	-0.079	-0.061	-0.055	-0.081	-0.057	-0.047	-0.064	-0.068	0.094	-0.092	-0.037	-0.023	0.118	-0.058	0.512	-0.070	-0.069	0.691	-0.019	-0.004	-0.036	0.270	-0.049	0.095	-0.082	-0.056	0.016	-0.043	0.007	0.060	-0.024	-0.032	0.189	-0.052	-0.015	-0.077	0.255	-0.059	-0.059	0.502	0.025	-0.038	-0.012	-0.073	-0.041	-0.051	-0.085	-0.059	-0.065	-0.081	0.417	0.010	0.785	-0.030	-0.049	-0.038	0.132	-0.052	0.879	0.054	-0.083	0.071	0.438	-0.042	-0.039	-0.086	0.373	-0.042	0.639	-0.048	-0.079	0.490	-0.041	-0.019	-0.014
200	-0.062	-0.059	0.006	0.100	0.017	-0.089	0.000	-0.028	-0.007	-0.007	0.015	-0.022	-0.038	0.018	-0.070	-0.017	-0.012	-0.033	-0.057	-0.005	0.102	-0.077	0.017	-0.020	-0.016	-0.003	0.052	0.078	-0.017	-0.054	-0.020	-0.032	-0.038	1.000	0.250	-0.035	0.054	0.238	-0.029	0.039	0.056	-0.002	-0.038	-0.028	-0.050	-0.050	-0.012	0.065	0.031	-0.059	0.002	-0.016	-0.045	0.113	0.205	0.008	-0.038	-0.012	-0.023	0.206	-0.028	0.138	0.011	-0.014	0.014	-0.006	-0.029	-0.031	-0.046	-0.022	0.036	0.001	-0.082	0.082	-0.083	-0.034	-0.022	-0.023	0.032	-0.032	-0.036	-0.025	0.003	-0.027	0.007	-0.007	-0.013	-0.031	0.158	0.059	-0.015	-0.019	0.737	-0.001	0.010	-0.057	-0.036	-0.074	-0.016	-0.004	0.021	-0.022	-0.034	-0.057	0.234	-0.065	-0.119	-0.024	-0.026	-0.018
206	0.015	-0.076	0.112	0.273	-0.011	-0.089	-0.075	-0.037	-0.055	-0.044	-0.015	-0.002	-0.041	-0.030	-0.052	-0.031	0.012	-0.007	0.026	-0.036	-0.016	-0.064	0.083	0.011	-0.072	-0.021	-0.091	0.010	0.006	0.027	-0.013	0.033	0.001	0.250	1.000	-0.024	0.001	0.032	-0.044	0.055	-0.051	-0.076	-0.044	0.045	-0.056	-0.024	-0.005	0.005	0.044	-0.011	-0.028	-0.033	0.003	0.089	-0.058	-0.019	-0.047	-0.013	-0.048	0.314	-0.010	-0.005	-0.037	-0.029	-0.012	0.001	-0.033	-0.062	-0.046	-0.041	0.093	0.192	-0.105	0.139	-0.057	-0.022	0.001	-0.063	0.025	-0.004	-0.016	-0.086	-0.060	-0.053	0.049	0.054	-0.026	-0.044	0.031	-0.039	-0.030	-0.059	-0.035	-0.007	-0.010	-0.066	-0.026	-0.072	0.161	-0.034	0.025	-0.065	-0.027	-0.062	0.280	-0.068	-0.126	-0.070	-0.035	-0.031
21	-0.210	-0.062	-0.049	0.018	-0.068	0.092	0.097	-0.009	0.005	-0.032	-0.048	0.173	0.159	-0.105	0.049	-0.099	0.051	0.050	0.288	0.178	-0.097	-0.012	-0.069	-0.019	-0.066	-0.013	-0.099	0.325	-0.050	0.249	0.195	0.103	-0.079	-0.035	-0.024	1.000	-0.083	0.592	-0.048	-0.033	-0.052	-0.037	0.112	0.477	0.127	-0.051	0.727	-0.039	-0.026	-0.049	0.133	-0.006	-0.092	-0.012	-0.057	-0.012	-0.019	-0.037	0.009	0.144	-0.063	-0.127	-0.021	-0.009	-0.027	0.735	-0.060	0.115	-0.073	0.740	-0.039	-0.046	0.135	0.123	-0.005	-0.016	0.049	-0.040	-0.010	-0.061	0.091	0.056	-0.107	0.162	-0.106	0.090	-0.003	0.146	-0.005	0.041	-0.048	-0.061	-0.056	-0.069	-0.081	0.097	-0.011	0.060	-0.024	-0.038	0.237	0.294	-0.064	0.017	0.002	0.125	0.453	-0.072	0.748	0.750
210	-0.006	-0.077	0.065	0.005	0.134	-0.020	0.026	0.036	0.012	0.004	-0.008	0.151	-0.049	0.169	-0.084	0.185	-0.001	-0.045	0.024	0.113	0.077	-0.054	-0.021	-0.005	0.589	-0.035	-0.016	-0.004	0.121	0.022	0.014	0.115	-0.061	0.054	0.001	-0.083	1.000	-0.071	0.092	0.063	0.103	0.229	-0.045	0.019	-0.060	-0.024	-0.050	-0.019	-0.022	-0.068	0.143	-0.050	-0.083	0.075	0.061	-0.020	-0.066	-0.018	-0.048	0.032	-0.050	0.198	0.002	-0.026	-0.026	-0.047	-0.038	-0.045	0.115	-0.054	0.050	-0.009	0.013	-0.059	-0.094	-0.037	-0.054	0.185	-0.062	0.011	-0.003	-0.050	0.442	-0.023	-0.083	-0.064	-0.033	-0.051	0.219	-0.012	-0.039	0.028	0.060	-0.047	-0.018	-0.047	-0.051	-0.050	-0.029	-0.017	-0.051	-0.031	-0.042	-0.082	-0.020	-0.073	-0.082	0.261	-0.036	-0.038
22	-0.156	-0.104	-0.034	0.044	0.102	-0.068	0.004	-0.060	0.063	-0.029	-0.118	-0.087	-0.080	-0.069	-0.110	-0.032	0.093	0.125	0.496	0.353	0.108	-0.003	-0.042	-0.082	0.044	0.182	0.037	0.058	-0.046	0.203	-0.071	0.142	-0.055	0.238	0.032	0.592	-0.071	1.000	-0.092	-0.066	0.032	0.118	-0.099	0.495	-0.150	-0.009	0.797	0.016	-0.092	-0.065	0.048	-0.097	-0.102	-0.022	0.076	0.109	-0.085	-0.047	0.085	-0.047	-0.064	0.099	0.092	0.200	0.013	0.685	-0.055	-0.038	-0.048	0.674	-0.037	-0.034	-0.023	-0.065	-0.030	0.036	0.128	0.180	-0.031	-0.067	0.231	0.160	-0.012	-0.035	0.015	-0.068	-0.040	0.192	0.027	0.117	-0.035	-0.009	0.138	-0.078	-0.055	-0.085	-0.074	0.021	-0.046	0.118	-0.112	0.300	-0.063	-0.102	-0.063	-0.131	0.158	0.115	0.676	0.664
222	-0.199	-0.098	-0.056	-0.085	0.166	0.307	-0.052	-0.082	0.082	0.245	-0.147	-0.082	0.379	0.119	0.172	0.198	0.029	-0.035	-0.100	-0.016	0.026	-0.114	-0.062	-0.001	0.172	0.019	0.150	-0.099	0.028	-0.128	-0.013	-0.158	-0.081	-0.029	-0.044	-0.048	0.092	-0.092	1.000	-0.038	-0.042	0.058	0.045	-0.085	0.222	-0.052	-0.063	-0.045	0.315	-0.092	0.329	0.496	-0.080	-0.063	0.052	-0.003	-0.068	-0.038	-0.020	0.102	-0.079	0.053	0.004	0.010	0.131	-0.066	-0.048	-0.074	0.107	-0.059	0.351	-0.033	0.096	0.520	-0.138	-0.038	-0.070	0.082	0.223	-0.014	0.017	0.398	0.167	0.120	0.058	-0.049	-0.038	-0.078	-0.050	0.082	-0.036	-0.111	-0.054	-0.025	-0.060	0.608	-0.068	-0.124	-0.051	-0.042	0.017	-0.067	-0.048	-0.054	0.012	0.251	0.102	0.153	-0.044	-0.040
224	-0.047	-0.094	0.520	0.003	0.013	0.021	0.171	0.216	0.098	-0.046	-0.007	0.214	-0.041	0.007	-0.005	-0.058	-0.038	-0.050	-0.036	-0.009	-0.029	-0.085	0.102	-0.071	0.007	-0.001	-0.088	0.044	0.193	0.287	0.244	0.028	-0.057	0.039	0.055	-0.033	0.063	-0.066	-0.038	1.000	0.233	0.019	0.090	-0.039	0.076	-0.034	-0.043	0.168	-0.044	-0.077	-0.019	-0.057	-0.103	0.007	-0.094	0.044	-0.083	-0.050	-0.086	-0.067	-0.038	-0.030	0.068	0.015	-0.066	-0.056	-0.044	-0.088	-0.056	-0.063	-0.035	-0.036	0.102	-0.058	-0.121	-0.042	0.348	-0.014	-0.083	0.181	0.006	-0.066	-0.084	-0.014	0.040	0.030	-0.046	-0.059	0.018	-0.075	-0.018	-0.053	0.127	-0.066	0.017	0.230	-0.071	-0.042	0.035	-0.051	0.018	-0.091	-0.025	-0.064	-0.035	-0.081	-0.014	-0.072	-0.044	-0.042
226	-0.052	-0.052	-0.048	-0.009	0.077	-0.100	0.836	-0.038	0.860	-0.062	-0.062	-0.032	-0.060	0.067	-0.069	-0.064	-0.033	-0.033	-0.057	0.121	-0.036	-0.034	-0.038	-0.057	0.211	-0.030	-0.026	-0.064	0.005	-0.047	-0.021	-0.074	-0.047	0.056	-0.051	-0.052	0.103	0.032	-0.042	0.233	1.000	0.299	-0.044	-0.067	-0.079	-0.038	-0.046	-0.044	-0.054	-0.012	-0.039	-0.048	-0.066	-0.041	-0.036	0.729	-0.047	-0.037	0.116	-0.050	-0.042	0.076	0.806	-0.023	-0.007	-0.039	-0.023	-0.058	-0.023	-0.023	-0.033	-0.021	-0.081	-0.053	-0.056	-0.027	0.004	0.004	-0.061	-0.034	-0.005	-0.046	-0.040	-0.028	-0.072	-0.066	-0.000	-0.065	-0.063	-0.042	-0.027	-0.055	0.305	-0.044	0.011	-0.068	-0.042	-0.064	-0.002	-0.029	-0.071	-0.045	-0.031	-0.055	-0.040	-0.052	-0.100	-0.032	-0.025	-0.020
227	-0.093	-0.095	-0.037	-0.030	0.305	-0.061	0.257	-0.085	0.278	0.277	-0.027	-0.074	-0.077	0.328	-0.064	0.385	0.043	0.013	0.047	0.207	0.169	0.009	-0.081	0.086	0.387	0.339	0.305	-0.055	0.016	-0.017	0.053	-0.079	-0.064	-0.002	-0.076	-0.037	0.229	0.118	0.058	0.019	0.299	1.000	-0.080	0.058	-0.139	-0.013	0.010	-0.025	-0.034	-0.011	0.168	-0.082	-0.084	0.010	0.220	0.259	-0.099	-0.015	0.072	-0.034	-0.096	0.311	0.284	0.281	0.212	-0.042	-0.055	0.156	0.181	-0.064	-0.008	-0.014	0.332	-0.082	-0.101	-0.054	-0.103	0.467	-0.098	-0.037	0.046	-0.019	0.194	0.110	-0.131	-0.054	-0.045	-0.065	-0.023	-0.020	-0.058	0.015	0.055	-0.070	-0.017	0.028	-0.093	-0.057	-0.048	0.021	-0.024	-0.019	-0.050	-0.091	-0.048	-0.114	-0.103	0.295	-0.006	-0.036
229	-0.216	-0.073	-0.008	-0.062	-0.074	0.697	0.219	-0.074	-0.042	0.118	-0.114	0.120	0.595	-0.039	-0.008	-0.057	-0.011	-0.038	-0.100	-0.071	-0.053	-0.073	-0.038	0.080	-0.109	-0.005	-0.095	-0.072	-0.044	-0.014	0.186	-0.125	-0.068	-0.038	-0.044	0.112	-0.045	-0.099	0.045	0.090	-0.044	-0.080	1.000	-0.037	0.209	-0.049	-0.046	0.007	0.617	-0.076	0.307	0.644	-0.066	-0.025	0.039	-0.017	-0.042	-0.014	-0.036	0.073	-0.049	-0.076	-0.032	-0.020	0.010	-0.053	-0.032	0.075	-0.053	-0.048	0.440	-0.029	0.223	0.290	-0.100	-0.037	-0.005	-0.100	0.185	0.074	-0.076	-0.059	-0.076	0.506	-0.079	0.105	-0.026	-0.077	-0.053	-0.040	-0.023	-0.143	-0.011	-0.025	-0.064	0.105	-0.043	-0.094	0.006	-0.041	0.326	-0.064	0.103	-0.017	-0.065	0.449	0.060	-0.076	-0.030	-0.025
23	-0.137	-0.072	0.045	0.076	0.075	-0.021	-0.067	-0.050	-0.070	0.009	0.036	0.072	-0.079	-0.012	-0.054	-0.027	0.026	-0.001	0.490	-0.060	0.021	-0.039	-0.032	0.106	-0.003	0.009	0.020	0.133	-0.029	0.512	0.194	0.257	0.094	-0.028	0.045	0.477	0.019	0.495	-0.085	-0.039	-0.067	0.058	-0.037	1.000	-0.064	-0.011	0.589	0.170	-0.045	0.050	-0.051	-0.056	-0.041	0.026	0.056	-0.049	-0.066	-0.019	0.246	0.062	-0.064	0.078	-0.051	-0.014	0.097	0.691	-0.048	0.030	-0.035	0.660	0.080	0.331	-0.004	-0.022	0.036	0.013	-0.054	0.033	-0.042	0.034	-0.047	-0.103	-0.086	-0.054	-0.058	0.006	-0.030	0.086	0.050	0.009	-0.047	0.025	-0.040	-0.063	0.039	-0.000	-0.054	0.024	-0.003	-0.036	-0.058	0.273	-0.049	-0.031	0.013	-0.091	0.216	0.058	0.685	0.680
234	-0.197	-0.107	0.005	-0.067	-0.125	0.301	0.064	0.068	-0.049	-0.084	-0.159	0.340	0.327	-0.092	-0.003	-0.114	-0.067	-0.068	-0.150	-0.110	-0.085	-0.060	-0.063	0.122	-0.086	-0.053	0.012	-0.045	-0.040	-0.069	0.437	-0.103	-0.092	-0.050	-0.056	0.127	-0.060	-0.150	0.222	0.076	-0.079	-0.139	0.209	-0.064	1.000	-0.037	-0.083	-0.034	0.204	-0.115	-0.067	0.201	-0.127	-0.033	0.022	-0.060	-0.083	-0.036	-0.120	0.395	-0.066	-0.128	-0.044	-0.048	0.052	-0.077	-0.047	0.055	-0.080	-0.067	0.126	-0.048	0.339	0.130	-0.123	-0.058	-0.027	-0.130	0.318	0.019	-0.110	0.249	-0.106	0.059	0.017	0.100	-0.048	-0.121	-0.038	0.102	-0.042	-0.081	-0.040	-0.069	-0.131	0.221	-0.084	-0.125	-0.045	-0.060	0.227	-0.103	-0.031	0.004	-0.079	0.617	0.153	-0.049	-0.053	-0.048
235	0.062	-0.050	-0.003	0.008	0.003	-0.051	-0.054	-0.044	-0.041	-0.024	-0.056	0.038	-0.061	-0.031	-0.050	0.006	-0.041	-0.040	0.034	0.067	-0.042	-0.050	-0.034	0.008	-0.034	-0.006	0.024	-0.045	0.014	0.000	-0.047	0.012	-0.037	-0.050	-0.024	-0.051	-0.024	-0.009	-0.052	-0.034	-0.038	-0.013	-0.049	-0.011	-0.037	1.000	0.012	0.095	-0.050	-0.039	0.008	-0.058	-0.063	0.006	-0.003	-0.023	-0.055	0.260	-0.045	-0.035	-0.036	0.007	-0.028	-0.000	0.069	-0.031	-0.029	-0.038	-0.035	-0.022	-0.047	0.011	0.005	-0.045	-0.059	-0.025	0.035	-0.014	-0.070	-0.048	0.104	0.121	-0.013	-0.045	-0.043	-0.043	-0.031	-0.035	0.333	-0.010	-0.026	-0.028	-0.049	-0.049	0.043	-0.052	-0.053	-0.042	-0.003	-0.030	-0.081	-0.059	0.266	-0.062	-0.039	-0.073	-0.074	-0.032	-0.029	-0.030
24	-0.155	-0.040	-0.082	-0.045	0.081	-0.012	-0.074	-0.092	-0.054	0.007	-0.061	-0.052	-0.029	-0.030	-0.061	-0.005	-0.036	-0.042	0.510	0.315	0.127	0.050	-0.046	-0.062	0.010	0.210	-0.029	0.129	-0.060	0.321	-0.036	0.175	-0.023	-0.012	-0.005	0.727	-0.050	0.797	-0.063	-0.043	-0.046	0.010	-0.046	0.589	-0.083	0.012	1.000	-0.043	-0.050	-0.003	0.075	-0.043	-0.033	-0.018	-0.010	-0.042	-0.023	-0.039	0.076	-0.042	-0.049	0.068	-0.042	0.209	-0.001	0.874	-0.032	-0.021	-0.049	0.860	-0.050	-0.021	0.031	-0.042	0.039	-0.019	0.143	0.183	-0.069	-0.062	0.207	0.223	-0.012	-0.020	-0.072	-0.040	0.002	0.270	0.002	0.164	-0.013	0.002	-0.041	-0.034	-0.088	-0.049	-0.022	0.114	-0.040	-0.035	-0.050	0.439	-0.041	-0.038	-0.035	-0.066	0.330	0.117	0.871	0.860
240	-0.002	0.000	0.630	0.002	-0.035	-0.023	-0.042	-0.055	-0.041	-0.042	-0.069	0.133	-0.028	-0.035	0.046	-0.050	-0.039	-0.040	0.163	-0.009	-0.031	-0.062	-0.039	-0.030	0.022	-0.041	-0.063	0.068	0.079	0.038	0.045	-0.001	0.118	0.065	0.005	-0.039	-0.019	0.016	-0.045	0.168	-0.044	-0.025	0.007	0.170	-0.034	0.095	-0.043	1.000	-0.027	-0.051	-0.021	-0.041	-0.074	0.030	-0.038	-0.033	-0.053	-0.031	0.224	0.006	-0.013	-0.042	-0.037	-0.032	-0.070	-0.045	-0.028	-0.057	-0.024	0.014	-0.045	0.011	-0.009	0.046	-0.039	-0.032	0.085	-0.031	0.020	-0.052	-0.047	-0.075	-0.029	0.061	-0.047	-0.033	-0.031	-0.071	0.104	-0.049	-0.020	-0.036	-0.034	-0.047	0.653	0.042	-0.051	-0.030	-0.024	-0.034	0.016	-0.071	-0.021	-0.048	-0.032	-0.056	-0.049	0.051	-0.033	-0.031
244	-0.201	-0.069	-0.078	0.027	-0.053	0.778	0.166	-0.071	0.030	-0.027	-0.111	-0.008	0.677	-0.025	0.093	-0.013	-0.013	-0.040	-0.101	-0.027	-0.041	-0.084	-0.041	-0.016	-0.037	-0.014	0.043	-0.063	-0.054	-0.094	0.054	-0.117	-0.058	0.031	0.044	-0.026	-0.022	-0.092	0.315	-0.044	-0.054	-0.034	0.617	-0.045	0.204	-0.050	-0.050	-0.027	1.000	-0.069	-0.047	0.887	-0.059	-0.029	0.125	-0.030	-0.035	-0.038	-0.034	0.093	-0.053	-0.083	-0.014	-0.013	0.025	-0.042	-0.034	-0.046	-0.025	-0.047	0.702	-0.023	0.176	0.260	-0.088	-0.041	-0.050	-0.063	0.026	-0.003	-0.079	0.160	-0.052	0.723	-0.059	0.057	-0.017	-0.088	-0.059	0.075	-0.031	-0.045	-0.036	-0.021	-0.073	0.312	-0.032	-0.094	-0.040	-0.043	0.081	-0.052	0.103	-0.078	0.038	0.145	0.055	-0.084	-0.035	-0.029
25	-0.257	0.530	-0.116	0.017	-0.037	-0.049	-0.050	-0.125	-0.000	-0.051	0.563	-0.099	-0.092	-0.029	0.450	-0.049	-0.035	-0.033	0.018	-0.018	-0.047	0.679	-0.043	0.031	-0.068	-0.024	-0.057	-0.063	-0.069	0.522	-0.102	0.301	0.512	-0.059	-0.011	-0.049	-0.068	-0.065	-0.092	-0.077	-0.012	-0.011	-0.076	0.050	-0.115	-0.039	-0.003	-0.051	-0.069	1.000	-0.053	-0.078	0.586	0.014	-0.027	0.015	0.584	-0.048	0.517	-0.106	-0.056	0.029	0.008	-0.035	0.027	-0.052	-0.033	0.576	-0.026	-0.027	-0.084	0.280	-0.072	-0.092	0.685	-0.037	-0.024	-0.028	-0.093	-0.067	-0.023	-0.085	-0.071	-0.073	-0.104	0.219	0.783	0.547	-0.029	-0.071	-0.036	0.131	-0.055	0.422	-0.107	-0.048	0.435	0.724	-0.044	-0.035	0.310	0.769	-0.042	0.482	0.040	-0.086	0.265	-0.078	-0.035	-0.033
256	-0.142	-0.079	-0.025	-0.042	0.286	0.069	-0.023	-0.071	-0.058	0.519	-0.096	-0.039	0.112	0.298	-0.063	0.301	0.057	-0.031	0.053	0.193	0.055	-0.059	-0.044	0.009	0.301	0.058	-0.015	-0.060	0.049	-0.045	-0.023	-0.063	-0.070	0.002	-0.028	0.133	0.143	0.048	0.329	-0.019	-0.039	0.168	0.307	-0.051	-0.067	0.008	0.075	-0.021	-0.047	-0.053	1.000	0.034	-0.053	0.025	-0.015	-0.023	-0.061	0.008	-0.052	-0.028	-0.059	0.178	-0.029	0.031	0.169	-0.026	-0.037	-0.059	0.245	-0.016	-0.062	-0.015	0.133	0.467	-0.092	-0.039	0.111	0.237	0.043	0.110	0.193	0.108	0.237	-0.039	-0.063	-0.062	-0.032	-0.016	0.019	0.076	-0.014	-0.043	-0.021	-0.023	0.016	-0.024	-0.066	-0.081	-0.033	-0.024	0.166	-0.055	-0.001	-0.009	-0.054	0.272	-0.032	0.291	-0.035	-0.031
259	-0.226	-0.077	-0.071	-0.065	-0.075	0.787	0.161	-0.069	0.048	0.001	-0.112	-0.045	0.717	-0.054	0.124	-0.034	-0.010	-0.039	-0.098	-0.063	-0.047	-0.106	-0.037	0.028	-0.068	-0.012	0.017	-0.084	-0.061	-0.100	0.094	-0.136	-0.069	-0.016	-0.033	-0.006	-0.050	-0.097	0.496	-0.057	-0.048	-0.082	0.644	-0.056	0.201	-0.058	-0.043	-0.041	0.887	-0.078	0.034	1.000	-0.048	-0.041	0.105	-0.026	-0.043	-0.036	-0.020	0.015	-0.049	-0.077	-0.015	-0.022	0.037	-0.055	-0.033	-0.053	-0.052	-0.048	0.710	-0.023	0.134	0.462	-0.113	-0.037	-0.058	-0.096	0.124	-0.019	-0.074	0.215	-0.075	0.597	-0.035	-0.057	-0.024	-0.072	-0.076	0.085	-0.027	-0.129	0.002	-0.010	-0.098	0.465	-0.040	-0.098	-0.038	-0.043	0.059	-0.053	0.087	-0.071	-0.016	0.281	0.137	-0.062	-0.034	-0.029
26	-0.195	0.825	-0.107	-0.061	-0.114	-0.067	-0.101	-0.145	-0.061	-0.039	0.303	-0.117	-0.069	-0.059	0.689	-0.019	-0.072	-0.031	0.015	-0.100	-0.034	0.747	-0.066	-0.049	-0.092	-0.035	-0.074	-0.058	-0.050	0.216	-0.115	0.053	0.691	-0.045	0.003	-0.092	-0.083	-0.102	-0.080	-0.103	-0.066	-0.084	-0.066	-0.041	-0.127	-0.063	-0.033	-0.074	-0.059	0.586	-0.053	-0.048	1.000	-0.076	-0.083	-0.061	0.633	-0.054	0.236	-0.090	-0.061	-0.059	-0.063	-0.039	-0.091	-0.045	-0.044	0.401	-0.039	0.043	-0.043	-0.039	-0.054	-0.046	0.791	-0.041	-0.094	-0.082	-0.023	-0.084	-0.030	-0.095	-0.082	-0.074	-0.126	0.307	0.232	0.730	-0.108	-0.075	-0.052	0.385	-0.057	0.718	-0.122	-0.059	0.487	0.710	-0.053	0.025	0.084	0.497	-0.047	0.801	-0.057	-0.052	0.546	-0.099	-0.047	-0.043
