OTU_id	1	10	100	105	106	109	11	111	112	113	117	120	124	125	129	13	130	131	132	133	134	139	14	140	143	15	150	16	166	17	172	178	179	18	19	194	195	2	20	201	203	21	22	23	24	25	26	27	28	29	31	32	33	35	36	37	38	39	4	48	49	50	51	52	54	55	56	6	61	65	66	67	68	7	71	74	75	78	8	80	81	82	83	87	9	90	91	94	95	97	99
1	1.000	-0.068	0.018	-0.034	-0.045	-0.052	0.185	0.605	-0.058	-0.001	-0.050	-0.057	-0.084	-0.078	-0.023	0.011	0.238	0.405	0.001	-0.000	-0.018	-0.016	-0.044	0.177	-0.008	-0.022	0.020	-0.170	-0.014	0.126	-0.014	-0.054	-0.014	-0.042	0.008	0.273	-0.127	0.163	-0.116	-0.000	-0.022	0.168	-0.009	-0.010	-0.057	-0.084	-0.115	0.297	-0.027	-0.011	0.048	0.088	-0.167	-0.045	-0.061	-0.097	0.431	-0.034	-0.079	-0.062	0.083	-0.114	-0.074	-0.032	-0.077	-0.065	-0.110	-0.098	-0.046	-0.049	-0.031	-0.097	0.058	-0.117	-0.127	0.245	-0.079	-0.027	-0.048	-0.018	-0.021	-0.085	-0.014	-0.058	-0.190	-0.054	0.638	-0.070	-0.058	-0.090	-0.023
10	-0.068	1.000	-0.079	0.142	-0.057	-0.259	-0.351	-0.129	0.069	-0.327	0.409	-0.102	0.171	0.350	0.478	-0.034	-0.025	-0.106	0.010	0.271	-0.115	-0.111	0.286	-0.029	-0.036	-0.094	-0.129	-0.294	-0.011	-0.117	-0.188	-0.102	-0.093	0.075	-0.198	-0.037	0.279	-0.329	0.192	-0.186	0.166	-0.146	-0.145	-0.113	-0.215	0.235	0.242	-0.074	0.273	0.287	-0.081	-0.111	0.217	0.192	-0.172	0.163	-0.093	-0.031	0.487	-0.198	-0.074	0.240	0.549	0.000	0.125	-0.104	-0.207	0.126	0.224	-0.152	0.020	-0.048	-0.016	-0.366	0.284	-0.100	-0.201	-0.070	-0.326	0.031	-0.064	0.558	-0.009	-0.181	-0.254	0.217	-0.068	0.215	0.046	0.183	-0.096
100	0.018	-0.079	1.000	-0.032	0.012	0.243	0.047	-0.007	0.062	0.067	-0.067	-0.037	-0.039	-0.009	-0.040	-0.067	-0.010	-0.005	0.010	-0.047	0.383	0.131	-0.072	-0.022	-0.023	-0.006	-0.011	-0.091	-0.006	0.249	-0.014	0.040	0.247	-0.030	0.017	-0.006	-0.046	-0.045	-0.021	-0.022	-0.016	-0.028	-0.010	-0.011	-0.022	0.155	0.142	0.118	-0.002	-0.021	0.819	-0.011	-0.081	-0.004	-0.030	0.027	-0.020	0.061	0.309	0.002	-0.012	-0.072	-0.071	-0.017	-0.043	-0.028	-0.061	-0.029	-0.055	0.342	0.115	-0.048	0.095	-0.031	-0.069	-0.021	-0.018	-0.016	-0.046	-0.004	-0.011	-0.076	-0.015	-0.023	0.034	-0.022	-0.001	-0.012	0.012	-0.067	-0.017
105	-0.034	0.142	-0.032	1.000	-0.028	-0.046	-0.129	-0.052	0.268	-0.118	0.381	0.014	0.062	0.229	0.127	-0.156	0.112	0.021	-0.028	0.034	-0.052	-0.002	0.159	0.145	-0.051	0.028	-0.068	-0.166	0.041	-0.034	0.044	0.375	-0.037	-0.072	-0.113	0.014	0.241	-0.191	0.231	0.127	0.082	-0.053	0.008	-0.061	-0.090	0.114	0.234	-0.053	0.091	0.200	-0.056	-0.048	0.152	0.029	-0.058	0.255	0.091	-0.036	0.174	0.052	-0.046	0.105	0.083	-0.041	0.172	-0.068	0.070	-0.143	0.122	0.062	-0.048	0.047	0.250	0.056	0.273	0.242	0.148	-0.019	-0.093	-0.032	-0.048	0.149	-0.036	-0.042	0.035	0.075	-0.040	0.052	0.230	0.149	-0.012
106	-0.045	-0.057	0.012	-0.028	1.000	0.177	-0.068	-0.037	0.410	0.020	-0.023	0.124	-0.045	0.057	-0.087	-0.119	-0.022	-0.012	-0.032	-0.078	0.027	0.278	0.016	0.157	0.216	-0.028	-0.024	-0.048	-0.004	-0.053	0.086	0.161	0.074	-0.095	-0.035	-0.018	-0.020	-0.142	-0.035	0.063	-0.010	-0.031	-0.046	-0.031	-0.001	0.005	0.494	-0.047	-0.071	0.029	-0.000	-0.023	-0.062	-0.038	0.009	-0.022	0.064	0.653	-0.131	0.188	-0.018	-0.077	-0.056	0.077	0.000	0.065	0.177	-0.104	-0.011	0.197	0.772	0.026	0.004	-0.029	-0.050	0.123	0.125	0.062	-0.037	0.452	0.078	-0.040	-0.022	0.073	0.390	-0.049	-0.015	0.036	-0.000	-0.054	0.003
109	-0.052	-0.259	0.243	-0.046	0.177	1.000	0.039	-0.061	0.103	0.315	-0.096	0.120	-0.132	-0.059	-0.176	0.006	-0.047	-0.032	-0.044	-0.152	0.092	0.147	-0.124	0.073	0.002	-0.043	-0.012	0.089	-0.014	0.022	0.250	0.240	0.157	-0.141	-0.013	-0.018	-0.021	-0.081	-0.139	0.300	-0.068	-0.012	0.103	-0.024	0.268	0.158	0.058	0.005	-0.160	-0.063	0.206	-0.008	-0.069	-0.095	0.245	-0.142	-0.035	0.008	-0.113	0.143	-0.003	-0.054	-0.202	0.000	-0.016	0.283	0.287	-0.139	-0.149	0.359	0.048	0.176	0.126	0.328	-0.164	0.106	0.382	0.102	0.187	0.022	0.096	-0.185	-0.030	0.221	0.257	-0.074	-0.034	-0.055	0.058	-0.095	0.062
11	0.185	-0.351	0.047	-0.129	-0.068	0.039	1.000	0.207	-0.083	0.077	-0.214	-0.052	-0.222	-0.215	-0.292	0.316	0.055	0.306	0.124	-0.202	0.098	-0.043	-0.295	-0.117	0.025	-0.029	-0.008	0.067	0.093	0.143	-0.050	0.058	0.097	-0.053	0.289	0.059	-0.297	0.561	-0.300	-0.034	-0.193	0.207	0.004	-0.031	-0.057	-0.146	-0.150	0.098	-0.230	-0.327	0.139	-0.019	-0.219	-0.211	-0.084	-0.296	0.121	0.015	-0.274	0.061	-0.068	-0.298	-0.339	-0.014	-0.178	-0.068	-0.039	-0.150	-0.220	-0.041	-0.042	0.079	-0.117	0.093	-0.258	0.023	-0.099	0.106	-0.021	-0.029	0.081	-0.341	0.010	-0.061	-0.098	-0.158	-0.041	-0.178	-0.067	-0.210	0.001
111	0.605	-0.129	-0.007	-0.052	-0.037	-0.061	0.207	1.000	-0.060	-0.043	-0.109	-0.042	-0.073	-0.062	-0.082	0.150	0.143	0.673	-0.003	-0.013	0.004	-0.014	-0.070	0.153	-0.015	0.020	-0.003	-0.041	-0.014	0.092	-0.017	-0.049	-0.017	-0.055	-0.016	0.230	-0.119	0.082	-0.096	0.002	-0.047	0.364	0.006	0.022	-0.045	-0.120	-0.092	0.230	0.044	-0.014	-0.009	0.078	-0.134	-0.064	-0.053	-0.079	0.605	-0.020	-0.135	-0.010	0.037	-0.064	-0.089	-0.019	-0.058	-0.045	-0.078	-0.092	-0.052	-0.033	0.019	-0.085	0.079	-0.070	-0.093	0.326	-0.067	-0.018	-0.013	-0.015	-0.012	-0.104	-0.013	-0.033	-0.118	-0.046	0.524	-0.022	-0.037	-0.018	-0.027
112	-0.058	0.069	0.062	0.268	0.410	0.103	-0.083	-0.060	1.000	-0.018	0.211	0.159	-0.029	0.082	-0.101	-0.117	0.038	0.000	-0.012	-0.040	0.014	0.052	0.022	0.196	-0.051	-0.069	-0.065	-0.052	-0.008	-0.049	0.101	0.067	0.004	-0.106	-0.073	0.007	0.203	-0.168	0.017	0.146	0.188	-0.085	-0.063	-0.060	0.048	0.240	0.697	-0.055	0.065	0.129	0.026	-0.048	0.052	0.006	-0.021	0.000	0.038	0.372	-0.104	0.054	-0.032	-0.018	-0.083	-0.042	0.141	0.093	0.174	-0.257	0.075	0.135	0.423	0.174	0.236	0.129	-0.086	0.202	0.178	-0.048	-0.013	-0.018	-0.033	0.051	-0.048	0.003	0.354	-0.035	-0.036	0.030	0.125	-0.022	-0.027
113	-0.001	-0.327	0.067	-0.118	0.020	0.315	0.077	-0.043	-0.018	1.000	-0.197	0.068	-0.163	-0.110	-0.230	-0.044	-0.099	0.012	-0.015	-0.145	0.012	0.027	-0.206	-0.005	-0.072	0.258	-0.066	0.353	-0.054	-0.047	0.131	0.123	0.064	0.260	0.049	-0.067	-0.100	0.112	-0.195	0.131	-0.109	0.266	0.368	0.389	0.351	-0.016	-0.081	-0.032	-0.117	-0.144	0.053	0.419	-0.112	-0.143	0.352	-0.149	-0.050	-0.029	-0.168	0.019	-0.015	-0.132	-0.251	-0.064	-0.088	0.185	0.114	-0.135	-0.149	0.178	-0.060	0.113	-0.022	0.229	-0.122	0.004	0.141	0.012	0.136	-0.039	0.015	-0.234	-0.065	0.181	0.136	-0.123	-0.040	-0.117	-0.054	-0.124	0.044
117	-0.050	0.409	-0.067	0.381	-0.023	-0.096	-0.214	-0.109	0.211	-0.197	1.000	0.024	0.148	0.362	0.334	-0.113	0.004	-0.071	0.080	0.113	-0.087	0.085	0.220	0.112	-0.081	-0.116	-0.086	-0.222	0.056	-0.158	-0.131	0.040	-0.059	0.046	-0.128	0.067	0.280	-0.209	0.231	-0.136	0.103	-0.119	-0.116	-0.094	-0.156	0.238	0.257	-0.110	0.278	0.297	-0.097	-0.084	0.185	0.143	-0.107	0.310	0.041	-0.053	0.188	-0.070	-0.009	0.168	0.426	-0.061	0.159	-0.096	-0.121	-0.045	0.120	-0.014	0.010	0.071	0.027	-0.168	0.301	0.170	-0.050	-0.072	-0.227	-0.074	-0.042	0.328	-0.055	-0.129	-0.083	0.105	-0.051	0.179	0.307	0.294	-0.082
120	-0.057	-0.102	-0.037	0.014	0.124	0.120	-0.052	-0.042	0.159	0.068	0.024	1.000	0.064	-0.048	-0.072	-0.078	-0.055	-0.025	0.006	-0.057	-0.039	0.216	0.059	0.134	0.000	-0.034	-0.045	0.022	-0.032	-0.076	0.252	0.066	-0.012	-0.099	-0.013	-0.033	0.116	-0.135	0.081	0.212	-0.003	-0.019	-0.055	-0.043	0.246	0.085	0.057	-0.054	0.041	0.080	-0.057	-0.039	0.007	0.117	0.215	0.036	0.066	0.032	-0.060	0.132	-0.016	0.063	-0.069	-0.015	0.087	0.140	0.404	-0.061	-0.027	0.144	0.040	0.082	0.175	0.116	-0.061	0.124	0.169	0.004	0.003	0.014	-0.028	-0.047	-0.024	0.159	0.246	-0.075	-0.018	-0.024	0.040	-0.053	-0.021
124	-0.084	0.171	-0.039	0.062	-0.045	-0.132	-0.222	-0.073	-0.029	-0.163	0.148	0.064	1.000	0.261	0.153	-0.269	-0.055	-0.048	-0.034	0.104	-0.055	-0.017	0.186	0.001	0.147	-0.068	-0.052	-0.284	-0.032	-0.109	-0.110	-0.077	-0.022	-0.077	-0.063	-0.045	0.232	-0.223	0.508	-0.114	0.274	-0.082	-0.088	-0.063	-0.088	0.070	0.081	-0.102	0.252	0.421	-0.069	-0.053	0.001	0.150	-0.127	0.341	0.042	0.092	0.034	0.076	0.254	0.258	0.218	0.213	0.201	-0.052	-0.101	-0.080	0.192	-0.019	-0.017	-0.132	0.081	-0.229	0.381	0.049	-0.068	0.038	-0.183	-0.052	0.007	0.214	0.224	-0.091	-0.048	0.286	-0.036	0.188	0.152	0.201	-0.013
125	-0.078	0.350	-0.009	0.229	0.057	-0.059	-0.215	-0.062	0.082	-0.110	0.362	-0.048	0.261	1.000	0.314	-0.243	-0.044	-0.038	-0.045	0.030	0.035	-0.034	0.055	0.013	0.062	-0.048	-0.050	-0.220	0.019	-0.062	-0.083	0.095	-0.035	-0.061	-0.121	-0.013	0.337	-0.201	0.152	-0.073	0.025	-0.092	-0.080	-0.049	-0.097	0.047	0.194	-0.067	0.026	0.243	-0.035	-0.045	-0.064	0.228	-0.091	0.395	0.025	0.107	0.168	0.020	-0.038	0.166	0.299	0.077	0.112	-0.057	-0.117	-0.088	0.012	-0.041	0.148	-0.080	-0.043	-0.169	0.214	0.092	-0.081	-0.037	-0.151	0.020	-0.027	0.210	0.061	-0.066	-0.049	0.273	-0.029	0.441	0.178	0.300	0.004
129	-0.023	0.478	-0.040	0.127	-0.087	-0.176	-0.292	-0.082	-0.101	-0.230	0.334	-0.072	0.153	0.314	1.000	-0.009	-0.000	-0.058	-0.057	0.233	-0.073	-0.069	0.230	0.020	-0.080	-0.001	-0.072	-0.299	-0.043	-0.008	-0.164	-0.124	-0.062	0.053	-0.155	-0.053	0.208	-0.240	0.168	-0.165	0.079	-0.058	-0.019	-0.041	-0.145	0.073	0.106	0.003	0.208	0.201	-0.039	-0.050	0.233	0.215	-0.092	0.252	0.021	-0.065	0.321	-0.163	0.008	0.270	0.485	-0.044	0.160	-0.073	-0.140	0.128	0.138	-0.103	-0.053	-0.129	0.017	-0.300	0.167	-0.018	-0.162	-0.030	-0.194	-0.060	-0.052	0.510	-0.038	-0.131	-0.170	0.163	-0.042	0.178	0.095	0.281	-0.008
13	0.011	-0.034	-0.067	-0.156	-0.119	0.006	0.316	0.150	-0.117	-0.044	-0.113	-0.078	-0.269	-0.243	-0.009	1.000	-0.010	0.243	0.012	-0.111	-0.088	-0.019	-0.039	-0.165	-0.108	-0.129	-0.133	0.267	-0.030	-0.002	-0.007	-0.113	-0.083	0.206	-0.017	-0.065	-0.310	0.108	-0.253	-0.003	-0.110	0.036	-0.028	-0.099	-0.085	-0.149	-0.189	-0.028	-0.073	-0.410	-0.059	-0.092	0.099	-0.083	-0.053	-0.306	-0.006	-0.111	0.040	-0.125	-0.081	-0.145	-0.107	-0.114	-0.204	-0.156	-0.077	0.304	-0.126	-0.199	-0.103	0.098	-0.101	0.123	-0.034	-0.108	-0.127	-0.080	0.073	-0.087	-0.068	-0.178	-0.086	-0.078	-0.163	-0.139	-0.095	-0.208	-0.203	-0.196	-0.044
130	0.238	-0.025	-0.010	0.112	-0.022	-0.047	0.055	0.143	0.038	-0.099	0.004	-0.055	-0.055	-0.044	-0.000	-0.010	1.000	0.084	-0.019	-0.077	0.004	-0.015	-0.081	0.131	0.034	0.004	-0.015	-0.103	0.739	0.166	0.123	-0.043	-0.012	0.065	-0.005	0.838	-0.105	0.070	-0.057	0.184	-0.028	0.017	0.068	0.003	-0.045	-0.035	0.023	0.140	-0.064	-0.031	0.079	0.029	-0.071	-0.072	-0.059	-0.066	0.037	-0.018	-0.071	-0.003	0.007	-0.073	-0.059	-0.007	-0.073	-0.051	-0.037	-0.028	-0.100	-0.017	-0.003	-0.014	0.134	0.010	-0.077	0.040	-0.037	0.020	-0.072	-0.017	-0.006	-0.021	0.011	-0.042	-0.125	-0.056	0.231	-0.057	-0.008	-0.103	-0.016
131	0.405	-0.106	-0.005	0.021	-0.012	-0.032	0.306	0.673	0.000	0.012	-0.071	-0.025	-0.048	-0.038	-0.058	0.243	0.084	1.000	-0.006	-0.029	-0.008	-0.009	-0.073	0.019	-0.006	-0.015	0.001	-0.053	-0.010	0.005	0.050	-0.030	-0.005	-0.029	0.001	0.012	-0.075	-0.015	-0.064	0.086	-0.030	0.411	-0.007	-0.008	-0.021	-0.077	-0.039	-0.012	0.116	-0.077	-0.007	-0.006	-0.110	-0.049	-0.033	-0.059	0.728	-0.000	-0.079	-0.012	-0.005	-0.068	-0.080	-0.013	-0.038	-0.026	-0.033	-0.054	-0.052	-0.018	0.008	-0.059	-0.015	-0.015	-0.065	0.346	-0.023	-0.008	0.056	-0.010	-0.003	-0.078	-0.007	-0.019	-0.080	-0.029	-0.004	-0.031	-0.016	-0.056	-0.014
132	0.001	0.010	0.010	-0.028	-0.032	-0.044	0.124	-0.003	-0.012	-0.015	0.080	0.006	-0.034	-0.045	-0.057	0.012	-0.019	-0.006	1.000	0.092	-0.021	-0.019	-0.124	-0.046	-0.004	-0.025	-0.036	0.023	-0.021	0.154	-0.064	-0.060	0.026	-0.062	0.217	-0.027	-0.026	0.206	-0.108	-0.057	-0.050	0.105	0.037	-0.031	-0.060	0.094	-0.034	0.098	-0.079	-0.098	0.075	-0.026	-0.087	-0.022	-0.060	-0.106	-0.057	-0.012	-0.106	-0.053	-0.019	-0.006	-0.038	-0.023	0.008	-0.048	-0.038	-0.130	0.039	-0.056	-0.009	-0.051	-0.080	0.122	-0.090	0.057	-0.082	-0.011	-0.075	-0.001	-0.020	-0.058	0.004	-0.059	-0.086	-0.054	-0.013	-0.075	0.122	-0.035	0.194
133	-0.000	0.271	-0.047	0.034	-0.078	-0.152	-0.202	-0.013	-0.040	-0.145	0.113	-0.057	0.104	0.030	0.233	-0.111	-0.077	-0.029	0.092	1.000	-0.059	-0.045	0.306	0.020	-0.064	0.022	-0.038	-0.267	-0.039	-0.111	-0.122	-0.126	-0.044	0.008	-0.124	-0.054	-0.025	-0.153	0.124	-0.116	0.133	-0.001	-0.059	-0.035	-0.070	0.005	-0.026	-0.099	0.350	0.261	-0.069	-0.057	0.122	0.237	-0.085	0.032	0.032	-0.073	0.364	-0.143	0.019	0.473	0.435	-0.041	0.029	-0.086	-0.066	0.058	0.731	-0.098	-0.038	-0.170	-0.014	-0.245	0.242	-0.079	-0.135	-0.080	-0.186	-0.049	-0.040	0.303	0.003	-0.097	-0.104	0.008	-0.036	0.183	-0.039	0.127	-0.089
134	-0.018	-0.115	0.383	-0.052	0.027	0.092	0.098	0.004	0.014	0.012	-0.087	-0.039	-0.055	0.035	-0.073	-0.088	0.004	-0.008	-0.021	-0.059	1.000	0.015	-0.093	-0.026	0.242	-0.025	-0.001	-0.045	0.017	0.090	0.009	0.061	0.108	-0.059	0.026	0.011	-0.008	0.014	-0.065	0.016	-0.050	-0.020	-0.027	-0.018	0.004	0.103	0.031	0.032	-0.040	-0.051	0.342	-0.017	-0.004	-0.063	-0.048	-0.023	-0.010	0.114	0.115	0.259	-0.013	-0.095	-0.063	0.040	-0.048	-0.038	-0.008	-0.099	-0.073	0.195	0.075	0.025	0.025	0.001	-0.067	0.143	-0.047	-0.027	-0.021	0.064	-0.014	-0.101	-0.019	0.049	0.139	0.027	-0.007	-0.002	-0.022	-0.038	-0.029
139	-0.016	-0.111	0.131	-0.002	0.278	0.147	-0.043	-0.014	0.052	0.027	0.085	0.216	-0.017	-0.034	-0.069	-0.019	-0.015	-0.009	-0.019	-0.045	0.015	1.000	0.015	0.460	0.132	-0.014	-0.019	0.110	-0.015	-0.010	0.229	0.131	0.002	-0.017	-0.022	-0.013	-0.056	-0.065	-0.039	0.152	-0.022	-0.018	0.001	-0.012	-0.014	0.008	-0.033	-0.013	-0.038	-0.065	0.052	-0.012	-0.032	-0.016	-0.050	0.005	-0.007	0.101	-0.055	0.473	-0.005	-0.069	0.037	0.021	-0.056	0.025	0.060	-0.016	-0.056	0.138	0.097	0.142	0.009	0.084	-0.006	0.311	0.127	-0.017	-0.022	0.007	-0.017	-0.092	-0.016	0.086	0.170	-0.045	-0.003	-0.014	0.005	-0.072	-0.023
14	-0.044	0.286	-0.072	0.159	0.016	-0.124	-0.295	-0.070	0.022	-0.206	0.220	0.059	0.186	0.055	0.230	-0.039	-0.081	-0.073	-0.124	0.306	-0.093	0.015	1.000	0.048	-0.110	-0.007	-0.109	-0.219	-0.072	-0.142	-0.070	-0.059	-0.084	0.040	-0.216	-0.076	0.125	-0.356	0.249	-0.108	0.193	-0.113	-0.123	-0.070	-0.083	0.068	0.070	-0.134	0.344	0.328	-0.130	-0.093	0.338	0.053	-0.005	0.185	0.086	-0.092	0.367	-0.106	-0.014	0.286	0.397	-0.088	0.133	-0.071	0.119	0.155	0.482	0.081	-0.038	-0.073	0.105	-0.253	0.446	0.005	-0.075	-0.114	-0.188	-0.057	-0.071	0.420	-0.091	0.029	-0.053	0.051	-0.024	0.261	0.034	0.251	-0.121
140	0.177	-0.029	-0.022	0.145	0.157	0.073	-0.117	0.153	0.196	-0.005	0.112	0.134	0.001	0.013	0.020	-0.165	0.131	0.019	-0.046	0.020	-0.026	0.460	0.048	1.000	0.033	-0.050	-0.031	-0.071	-0.026	0.035	0.250	0.052	0.015	-0.106	-0.024	0.141	0.075	-0.098	0.022	0.264	0.032	-0.033	-0.025	-0.027	-0.000	0.062	0.099	0.111	-0.001	0.214	-0.028	0.025	0.008	-0.015	-0.074	0.008	0.131	0.010	-0.066	0.270	-0.000	-0.012	0.021	-0.009	0.018	0.137	0.075	-0.147	-0.028	0.008	0.081	-0.055	0.222	0.034	0.013	0.432	0.104	0.016	-0.061	-0.017	0.029	0.139	-0.029	0.121	0.189	0.015	0.341	0.111	0.082	0.127	-0.002
143	-0.008	-0.036	-0.023	-0.051	0.216	0.002	0.025	-0.015	-0.051	-0.072	-0.081	0.000	0.147	0.062	-0.080	-0.108	0.034	-0.006	-0.004	-0.064	0.242	0.132	-0.110	0.033	1.000	0.020	-0.018	-0.085	0.023	-0.013	0.020	0.097	0.018	-0.046	0.020	0.017	-0.055	-0.050	-0.079	0.020	-0.017	0.052	-0.002	-0.016	-0.018	-0.094	-0.089	-0.026	-0.103	0.062	-0.020	-0.020	-0.091	-0.060	-0.054	-0.056	-0.019	0.478	-0.144	0.698	0.000	-0.087	-0.074	0.889	-0.062	-0.039	-0.043	-0.070	-0.089	0.117	0.093	-0.017	0.321	-0.051	-0.093	0.051	-0.058	0.161	-0.069	0.416	0.022	-0.108	0.798	0.007	0.345	-0.035	-0.013	-0.039	0.137	-0.090	-0.037
15	-0.022	-0.094	-0.006	0.028	-0.028	-0.043	-0.029	0.020	-0.069	0.258	-0.116	-0.034	-0.068	-0.048	-0.001	-0.129	0.004	-0.015	-0.025	0.022	-0.025	-0.014	-0.007	-0.050	0.020	1.000	-0.022	0.128	0.013	-0.003	-0.045	0.004	-0.021	0.405	-0.060	0.032	-0.062	-0.001	-0.036	-0.050	-0.001	0.669	0.740	0.832	0.079	-0.096	0.028	0.000	-0.036	0.049	-0.018	0.668	0.006	-0.057	0.067	0.005	-0.034	0.003	-0.088	0.034	-0.021	-0.082	0.054	0.026	0.031	0.007	0.067	-0.038	0.055	0.022	-0.015	-0.086	-0.028	-0.095	-0.031	-0.067	-0.011	0.056	-0.072	-0.002	-0.014	-0.007	0.037	0.010	-0.055	-0.054	-0.012	-0.050	-0.025	-0.047	-0.002
150	0.020	-0.129	-0.011	-0.068	-0.024	-0.012	-0.008	-0.003	-0.065	-0.066	-0.086	-0.045	-0.052	-0.050	-0.072	-0.133	-0.015	0.001	-0.036	-0.038	-0.001	-0.019	-0.109	-0.031	-0.018	-0.022	1.000	-0.095	-0.010	-0.038	-0.030	0.000	0.078	-0.044	-0.015	-0.016	-0.101	-0.024	-0.069	-0.038	-0.066	-0.021	-0.001	0.002	-0.032	-0.102	-0.088	-0.025	-0.071	-0.053	-0.013	-0.008	-0.130	-0.059	-0.028	-0.058	-0.040	-0.023	-0.152	-0.019	-0.005	-0.096	-0.081	-0.010	-0.043	-0.006	-0.070	-0.111	-0.055	-0.003	-0.023	-0.073	-0.082	-0.069	-0.090	-0.041	-0.057	0.072	-0.059	-0.011	0.086	-0.093	-0.016	-0.026	-0.077	-0.034	-0.008	-0.034	-0.024	-0.076	-0.026
16	-0.170	-0.294	-0.091	-0.166	-0.048	0.089	0.067	-0.041	-0.052	0.353	-0.222	0.022	-0.284	-0.220	-0.299	0.267	-0.103	-0.053	0.023	-0.267	-0.045	0.110	-0.219	-0.071	-0.085	0.128	-0.095	1.000	-0.058	0.030	0.116	0.007	-0.074	0.245	0.004	-0.079	-0.188	0.009	-0.322	0.075	-0.141	0.163	0.253	0.248	0.231	0.003	-0.170	-0.019	-0.190	-0.355	-0.081	0.256	-0.069	-0.188	0.256	-0.278	-0.141	-0.086	-0.198	0.051	-0.087	-0.221	-0.334	-0.095	-0.189	-0.006	0.206	-0.031	-0.256	-0.001	-0.077	0.297	-0.124	0.446	-0.235	-0.030	0.082	-0.100	0.269	-0.053	-0.066	-0.320	-0.093	0.140	0.161	-0.182	-0.066	-0.186	-0.097	-0.175	0.103
166	-0.014	-0.011	-0.006	0.041	-0.004	-0.014	0.093	-0.014	-0.008	-0.054	0.056	-0.032	-0.032	0.019	-0.043	-0.030	0.739	-0.010	-0.021	-0.039	0.017	-0.015	-0.072	-0.026	0.023	0.013	-0.010	-0.058	1.000	0.050	-0.028	0.033	-0.014	0.038	0.027	0.868	-0.061	0.079	-0.042	-0.029	-0.042	-0.028	0.049	-0.008	-0.031	-0.059	0.006	0.024	-0.031	-0.045	0.081	-0.012	-0.044	-0.021	-0.025	-0.041	-0.008	-0.017	-0.044	-0.026	-0.004	-0.070	-0.043	-0.014	-0.041	-0.019	-0.075	-0.068	-0.052	-0.037	-0.012	0.019	-0.034	-0.075	-0.047	-0.031	-0.043	-0.004	-0.031	-0.005	-0.008	-0.007	0.000	-0.027	-0.081	-0.025	-0.006	-0.033	0.003	-0.064	-0.000
17	0.126	-0.117	0.249	-0.034	-0.053	0.022	0.143	0.092	-0.049	-0.047	-0.158	-0.076	-0.109	-0.062	-0.008	-0.002	0.166	0.005	0.154	-0.111	0.090	-0.010	-0.142	0.035	-0.013	-0.003	-0.038	0.030	0.050	1.000	0.011	-0.015	0.078	-0.079	0.032	0.140	-0.157	0.112	-0.046	0.010	0.024	0.035	0.052	-0.013	-0.052	-0.041	-0.055	0.806	-0.155	-0.099	0.555	0.020	-0.016	-0.044	-0.044	-0.036	0.091	-0.031	0.020	-0.025	0.011	-0.146	-0.077	-0.025	0.019	-0.087	-0.008	0.086	-0.127	0.050	-0.009	-0.071	0.065	-0.014	-0.114	-0.029	-0.090	-0.015	-0.054	-0.027	-0.024	-0.060	-0.020	-0.067	-0.083	-0.083	0.213	-0.081	-0.075	-0.023	-0.003
172	-0.014	-0.188	-0.014	0.044	0.086	0.250	-0.050	-0.017	0.101	0.131	-0.131	0.252	-0.110	-0.083	-0.164	-0.007	0.123	0.050	-0.064	-0.122	0.009	0.229	-0.070	0.250	0.020	-0.045	-0.030	0.116	-0.028	0.011	1.000	0.091	0.016	-0.090	-0.050	0.007	-0.104	-0.102	-0.134	0.867	-0.062	-0.006	0.010	-0.029	0.378	0.025	-0.028	-0.019	-0.191	-0.171	-0.024	-0.018	-0.113	-0.096	0.240	-0.085	0.023	-0.020	-0.155	0.247	-0.031	-0.029	-0.162	-0.025	0.033	0.324	0.362	-0.182	-0.114	0.144	-0.007	0.076	0.084	0.341	-0.047	0.074	0.382	-0.014	0.188	-0.023	-0.013	-0.202	-0.025	0.423	0.435	-0.078	-0.011	-0.075	-0.020	-0.115	-0.004
178	-0.054	-0.102	0.040	0.375	0.161	0.240	0.058	-0.049	0.067	0.123	0.040	0.066	-0.077	0.095	-0.124	-0.113	-0.043	-0.030	-0.060	-0.126	0.061	0.131	-0.059	0.052	0.097	0.004	0.000	0.007	0.033	-0.015	0.091	1.000	0.487	-0.066	0.062	-0.028	0.013	-0.071	0.031	0.117	-0.014	-0.026	-0.001	-0.040	0.065	-0.001	0.011	-0.016	-0.017	0.037	0.013	-0.021	-0.083	-0.079	0.133	0.011	0.029	0.004	0.009	0.220	-0.041	-0.013	-0.174	0.019	0.032	0.173	0.140	-0.171	-0.081	0.254	-0.003	0.144	0.085	0.128	0.076	0.124	0.162	0.500	-0.024	0.140	0.498	-0.151	-0.032	0.053	0.193	-0.052	-0.010	-0.055	0.053	-0.053	0.002
179	-0.014	-0.093	0.247	-0.037	0.074	0.157	0.097	-0.017	0.004	0.064	-0.059	-0.012	-0.022	-0.035	-0.062	-0.083	-0.012	-0.005	0.026	-0.044	0.108	0.002	-0.084	0.015	0.018	-0.021	0.078	-0.074	-0.014	0.078	0.016	0.487	1.000	-0.074	0.180	-0.016	-0.067	-0.013	-0.074	0.001	-0.052	-0.013	-0.022	-0.017	0.067	0.006	0.008	0.038	-0.054	0.034	0.229	-0.015	-0.098	-0.058	0.042	-0.064	-0.031	0.001	-0.004	0.152	-0.015	-0.040	-0.083	0.033	0.010	0.225	0.051	-0.099	-0.043	0.253	0.016	-0.054	-0.007	-0.020	-0.069	-0.037	-0.025	0.882	-0.046	-0.014	0.942	-0.079	-0.019	0.011	0.094	-0.032	-0.007	-0.024	-0.004	-0.046	-0.029
18	-0.042	0.075	-0.030	-0.072	-0.095	-0.141	-0.053	-0.055	-0.106	0.260	0.046	-0.099	-0.077	-0.061	0.053	0.206	0.065	-0.029	-0.062	0.008	-0.059	-0.017	0.040	-0.106	-0.046	0.405	-0.044	0.245	0.038	-0.079	-0.090	-0.066	-0.074	1.000	-0.085	0.015	-0.163	-0.067	-0.036	-0.086	-0.070	0.431	0.533	0.609	0.047	-0.176	-0.139	-0.083	0.189	-0.121	-0.047	0.641	0.023	-0.044	0.042	-0.035	-0.128	-0.066	0.072	-0.127	-0.022	-0.034	0.016	-0.044	-0.157	-0.077	-0.108	0.178	-0.016	-0.093	-0.081	-0.088	-0.079	-0.149	0.130	-0.126	-0.134	-0.063	-0.088	-0.043	-0.044	0.015	-0.035	-0.102	-0.215	-0.060	-0.042	-0.073	-0.066	-0.128	-0.056
19	0.008	-0.198	0.017	-0.113	-0.035	-0.013	0.289	-0.016	-0.073	0.049	-0.128	-0.013	-0.063	-0.121	-0.155	-0.017	-0.005	0.001	0.217	-0.124	0.026	-0.022	-0.216	-0.024	0.020	-0.060	-0.015	0.004	0.027	0.032	-0.050	0.062	0.180	-0.085	1.000	0.005	-0.169	0.352	-0.110	-0.053	-0.043	-0.007	-0.025	-0.038	-0.027	-0.128	-0.147	0.016	-0.186	-0.184	0.015	-0.031	-0.219	-0.080	-0.055	-0.161	-0.079	-0.013	-0.205	0.033	0.011	-0.208	-0.169	0.011	-0.104	0.013	-0.056	-0.159	-0.118	-0.045	-0.013	-0.063	-0.099	0.046	-0.191	-0.082	-0.068	0.200	-0.067	-0.010	0.187	-0.189	0.029	-0.039	-0.088	-0.061	-0.021	-0.102	-0.046	-0.113	0.023
194	0.273	-0.037	-0.006	0.014	-0.018	-0.018	0.059	0.230	0.007	-0.067	0.067	-0.033	-0.045	-0.013	-0.053	-0.065	0.838	0.012	-0.027	-0.054	0.011	-0.013	-0.076	0.141	0.017	0.032	-0.016	-0.079	0.868	0.140	0.007	-0.028	-0.016	0.015	0.005	1.000	-0.082	0.081	-0.086	0.029	-0.042	0.021	0.053	0.014	-0.038	-0.060	0.022	0.199	-0.055	0.001	0.065	0.063	-0.073	-0.045	-0.043	-0.067	0.081	-0.021	-0.120	-0.033	0.025	-0.100	-0.036	-0.018	-0.053	-0.033	-0.076	-0.091	-0.073	-0.033	-0.009	0.038	0.072	-0.065	-0.086	0.064	-0.049	-0.010	-0.049	-0.009	-0.010	-0.012	-0.005	-0.027	-0.105	-0.035	0.437	-0.041	0.003	-0.074	-0.007
195	-0.127	0.279	-0.046	0.241	-0.020	-0.021	-0.297	-0.119	0.203	-0.100	0.280	0.116	0.232	0.337	0.208	-0.310	-0.105	-0.075	-0.026	-0.025	-0.008	-0.056	0.125	0.075	-0.055	-0.062	-0.101	-0.188	-0.061	-0.157	-0.104	0.013	-0.067	-0.163	-0.169	-0.082	1.000	-0.305	0.199	-0.050	0.089	-0.157	-0.113	-0.101	-0.006	0.533	0.368	-0.141	0.205	0.448	-0.104	-0.089	0.065	0.179	-0.003	0.406	0.048	0.027	0.036	0.002	-0.076	0.255	0.163	-0.009	0.227	0.140	0.114	-0.157	0.059	0.078	0.109	0.161	0.134	0.039	0.145	0.301	0.226	-0.069	-0.118	0.005	-0.055	0.417	-0.030	-0.006	0.161	0.275	-0.056	0.226	0.288	0.357	0.009
2	0.163	-0.329	-0.045	-0.191	-0.142	-0.081	0.561	0.082	-0.168	0.112	-0.209	-0.135	-0.223	-0.201	-0.240	0.108	0.070	-0.015	0.206	-0.153	0.014	-0.065	-0.356	-0.098	-0.050	-0.001	-0.024	0.009	0.079	0.112	-0.102	-0.071	-0.013	-0.067	0.352	0.081	-0.305	1.000	-0.318	-0.102	-0.207	0.063	0.026	0.015	-0.111	-0.222	-0.212	0.120	-0.371	-0.371	0.041	0.007	-0.317	-0.248	-0.140	-0.268	-0.125	-0.068	-0.377	-0.048	-0.065	-0.350	-0.272	-0.070	-0.189	-0.142	-0.176	-0.172	-0.220	-0.164	-0.081	-0.057	-0.221	0.033	-0.345	-0.090	-0.141	0.020	-0.121	-0.042	0.005	-0.327	-0.039	-0.102	-0.283	-0.129	0.019	-0.195	-0.067	-0.218	0.016
20	-0.116	0.192	-0.021	0.231	-0.035	-0.139	-0.300	-0.096	0.017	-0.195	0.231	0.081	0.508	0.152	0.168	-0.253	-0.057	-0.064	-0.108	0.124	-0.065	-0.039	0.249	0.022	-0.079	-0.036	-0.069	-0.322	-0.042	-0.046	-0.134	0.031	-0.074	-0.036	-0.110	-0.086	0.199	-0.318	1.000	-0.126	0.440	-0.132	-0.085	-0.070	-0.120	-0.027	0.136	-0.087	0.373	0.475	-0.083	-0.065	0.184	0.264	-0.084	0.536	0.135	-0.078	0.186	-0.127	0.005	0.315	0.209	-0.058	0.373	-0.050	-0.077	0.056	0.241	-0.051	-0.046	-0.210	0.129	-0.282	0.454	-0.054	-0.084	-0.051	-0.208	-0.036	-0.046	0.192	-0.055	-0.103	-0.032	0.123	-0.050	0.248	0.139	0.286	-0.048
201	-0.000	-0.186	-0.022	0.127	0.063	0.300	-0.034	0.002	0.146	0.131	-0.136	0.212	-0.114	-0.073	-0.165	-0.003	0.184	0.086	-0.057	-0.116	0.016	0.152	-0.108	0.264	0.020	-0.050	-0.038	0.075	-0.029	0.010	0.867	0.117	0.001	-0.086	-0.053	0.029	-0.050	-0.102	-0.126	1.000	-0.063	-0.005	0.011	-0.036	0.392	0.076	0.005	-0.002	-0.173	-0.162	-0.034	-0.029	-0.078	-0.091	0.220	-0.094	0.031	-0.030	-0.147	0.205	-0.021	0.005	-0.173	-0.023	0.009	0.397	0.345	-0.186	-0.132	0.084	-0.005	0.082	0.157	0.386	-0.042	0.094	0.429	-0.027	0.150	0.001	-0.026	-0.190	-0.020	0.449	0.430	-0.077	-0.013	-0.073	-0.015	-0.095	0.006
203	-0.022	0.166	-0.016	0.082	-0.010	-0.068	-0.193	-0.047	0.188	-0.109	0.103	-0.003	0.274	0.025	0.079	-0.110	-0.028	-0.030	-0.050	0.133	-0.050	-0.022	0.193	0.032	-0.017	-0.001	-0.066	-0.141	-0.042	0.024	-0.062	-0.014	-0.052	-0.070	-0.043	-0.042	0.089	-0.207	0.440	-0.063	1.000	-0.062	-0.020	-0.033	-0.062	0.054	0.144	-0.020	0.163	0.291	-0.062	-0.037	0.226	0.241	-0.064	0.139	0.128	-0.063	0.057	-0.036	-0.056	0.136	0.044	-0.021	0.222	-0.029	0.011	-0.006	0.265	-0.010	-0.014	-0.055	0.152	-0.122	0.303	-0.039	-0.052	-0.029	-0.119	0.019	-0.032	0.063	-0.033	-0.046	0.029	0.020	-0.019	0.052	0.031	0.066	-0.070
21	0.168	-0.146	-0.028	-0.053	-0.031	-0.012	0.207	0.364	-0.085	0.266	-0.119	-0.019	-0.082	-0.092	-0.058	0.036	0.017	0.411	0.105	-0.001	-0.020	-0.018	-0.113	-0.033	0.052	0.669	-0.021	0.163	-0.028	0.035	-0.006	-0.026	-0.013	0.431	-0.007	0.021	-0.157	0.063	-0.132	-0.005	-0.062	1.000	0.678	0.762	0.108	-0.118	-0.105	0.055	-0.001	-0.032	-0.006	0.700	-0.133	-0.092	0.068	-0.103	0.289	0.012	-0.168	0.014	-0.003	-0.090	-0.044	0.031	-0.030	-0.023	0.028	-0.129	-0.050	-0.015	-0.029	-0.099	-0.065	-0.031	-0.109	0.128	-0.049	0.032	-0.045	0.037	-0.006	-0.108	0.048	-0.014	-0.090	-0.099	0.052	-0.061	-0.017	-0.081	0.016
22	-0.009	-0.145	-0.010	0.008	-0.046	0.103	0.004	0.006	-0.063	0.368	-0.116	-0.055	-0.088	-0.080	-0.019	-0.028	0.068	-0.007	0.037	-0.059	-0.027	0.001	-0.123	-0.025	-0.002	0.740	-0.001	0.253	0.049	0.052	0.010	-0.001	-0.022	0.533	-0.025	0.053	-0.113	0.026	-0.085	0.011	-0.020	0.678	1.000	0.847	0.110	-0.136	-0.053	0.026	-0.073	-0.071	-0.007	0.860	-0.026	-0.075	0.098	-0.056	-0.072	-0.028	-0.165	0.018	-0.030	-0.091	-0.104	0.000	-0.017	0.000	0.062	-0.061	-0.081	-0.011	-0.037	-0.070	-0.022	0.018	-0.142	-0.058	-0.045	0.031	-0.013	-0.001	-0.013	-0.111	-0.010	-0.021	-0.069	-0.057	-0.017	-0.067	-0.028	-0.091	0.003
23	-0.010	-0.113	-0.011	-0.061	-0.031	-0.024	-0.031	0.022	-0.060	0.389	-0.094	-0.043	-0.063	-0.049	-0.041	-0.099	0.003	-0.008	-0.031	-0.035	-0.018	-0.012	-0.070	-0.027	-0.016	0.832	0.002	0.248	-0.008	-0.013	-0.029	-0.040	-0.017	0.609	-0.038	0.014	-0.101	0.015	-0.070	-0.036	-0.033	0.762	0.847	1.000	0.125	-0.108	-0.060	-0.008	-0.077	-0.032	-0.016	0.926	-0.076	-0.065	0.116	-0.053	-0.041	-0.014	-0.107	-0.036	0.003	-0.077	-0.016	-0.011	-0.047	0.011	-0.008	-0.074	-0.014	-0.033	-0.025	-0.083	-0.079	-0.080	-0.058	-0.042	-0.049	-0.010	-0.059	-0.001	-0.010	-0.061	-0.014	0.005	-0.088	-0.041	0.016	-0.043	-0.026	-0.076	-0.014
24	-0.057	-0.215	-0.022	-0.090	-0.001	0.268	-0.057	-0.045	0.048	0.351	-0.156	0.246	-0.088	-0.097	-0.145	-0.085	-0.045	-0.021	-0.060	-0.070	0.004	-0.014	-0.083	-0.000	-0.018	0.079	-0.032	0.231	-0.031	-0.052	0.378	0.065	0.067	0.047	-0.027	-0.038	-0.006	-0.111	-0.120	0.392	-0.062	0.108	0.110	0.125	1.000	0.058	-0.041	-0.038	-0.123	-0.127	-0.035	0.137	-0.068	-0.058	0.760	-0.108	0.013	-0.036	-0.138	0.079	-0.032	-0.001	-0.183	-0.019	-0.046	0.423	0.264	-0.183	-0.089	0.229	-0.041	0.112	0.025	0.347	-0.110	-0.052	0.302	-0.022	0.162	0.020	-0.023	-0.167	-0.021	0.359	0.308	-0.080	-0.022	-0.079	-0.065	-0.066	0.026
25	-0.084	0.235	0.155	0.114	0.005	0.158	-0.146	-0.120	0.240	-0.016	0.238	0.085	0.070	0.047	0.073	-0.149	-0.035	-0.077	0.094	0.005	0.103	0.008	0.068	0.062	-0.094	-0.096	-0.102	0.003	-0.059	-0.041	0.025	-0.001	0.006	-0.176	-0.128	-0.060	0.533	-0.222	-0.027	0.076	0.054	-0.118	-0.136	-0.108	0.058	1.000	0.334	-0.063	0.169	0.234	0.107	-0.103	0.076	0.013	0.015	0.021	0.010	-0.014	0.144	0.026	-0.078	0.151	0.078	-0.095	0.110	0.122	0.128	-0.232	0.030	0.172	0.156	0.304	0.114	0.164	0.011	0.281	0.206	-0.087	-0.093	-0.018	-0.061	0.234	-0.100	0.055	0.175	0.097	-0.078	0.037	0.140	0.253	0.079
26	-0.115	0.242	0.142	0.234	0.494	0.058	-0.150	-0.092	0.697	-0.081	0.257	0.057	0.081	0.194	0.106	-0.189	0.023	-0.039	-0.034	-0.026	0.031	-0.033	0.070	0.099	-0.089	0.028	-0.088	-0.170	0.006	-0.055	-0.028	0.011	0.008	-0.139	-0.147	0.022	0.368	-0.212	0.136	0.005	0.144	-0.105	-0.053	-0.060	-0.041	0.334	1.000	-0.077	0.107	0.247	0.086	-0.067	0.056	0.059	-0.041	0.122	0.007	0.471	0.018	-0.025	-0.065	0.053	0.111	-0.070	0.216	0.074	0.093	-0.239	0.053	0.126	0.584	0.086	0.093	-0.029	0.026	0.109	0.064	-0.024	-0.127	-0.018	-0.034	0.260	-0.072	-0.033	0.273	0.051	-0.058	0.134	0.249	0.143	0.014
27	0.297	-0.074	0.118	-0.053	-0.047	0.005	0.098	0.230	-0.055	-0.032	-0.110	-0.054	-0.102	-0.067	0.003	-0.028	0.140	-0.012	0.098	-0.099	0.032	-0.013	-0.134	0.111	-0.026	0.000	-0.025	-0.019	0.024	0.806	-0.019	-0.016	0.038	-0.083	0.016	0.199	-0.141	0.120	-0.087	-0.002	-0.020	0.055	0.026	-0.008	-0.038	-0.063	-0.077	1.000	-0.128	-0.061	0.482	0.050	-0.083	-0.082	-0.034	-0.080	0.155	-0.042	0.003	-0.043	0.027	-0.132	-0.061	-0.033	-0.049	-0.029	-0.045	0.069	-0.120	0.004	-0.014	-0.055	0.041	-0.062	-0.135	0.020	-0.068	-0.006	-0.061	-0.029	-0.020	-0.050	-0.020	-0.025	-0.091	-0.061	0.413	-0.070	-0.063	-0.062	-0.021
28	-0.027	0.273	-0.002	0.091	-0.071	-0.160	-0.230	0.044	0.065	-0.117	0.278	0.041	0.252	0.026	0.208	-0.073	-0.064	0.116	-0.079	0.350	-0.040	-0.038	0.344	-0.001	-0.103	-0.036	-0.071	-0.190	-0.031	-0.155	-0.191	-0.017	-0.054	0.189	-0.186	-0.055	0.205	-0.371	0.373	-0.173	0.163	-0.001	-0.073	-0.077	-0.123	0.169	0.107	-0.128	1.000	0.476	-0.056	-0.070	0.347	0.225	-0.076	0.284	0.186	-0.094	0.256	-0.140	0.083	0.434	0.262	-0.074	0.057	-0.062	-0.014	0.045	0.317	0.024	-0.066	-0.045	0.226	-0.267	0.349	0.064	-0.085	-0.070	-0.180	-0.054	-0.051	0.336	-0.065	-0.122	-0.043	-0.001	-0.055	0.136	0.100	0.177	-0.120
29	-0.011	0.287	-0.021	0.200	0.029	-0.063	-0.327	-0.014	0.129	-0.144	0.297	0.080	0.421	0.243	0.201	-0.410	-0.031	-0.077	-0.098	0.261	-0.051	-0.065	0.328	0.214	0.062	0.049	-0.053	-0.355	-0.045	-0.099	-0.171	0.037	0.034	-0.121	-0.184	0.001	0.448	-0.371	0.475	-0.162	0.291	-0.032	-0.071	-0.032	-0.127	0.234	0.247	-0.061	0.476	1.000	-0.041	-0.047	0.157	0.289	-0.057	0.348	0.210	0.028	0.172	-0.011	-0.008	0.431	0.287	0.112	0.319	0.055	0.012	-0.118	0.344	0.188	0.007	-0.114	0.252	-0.255	0.314	0.264	0.053	0.069	-0.226	0.000	0.057	0.465	0.104	-0.078	0.071	0.126	0.085	0.319	0.233	0.368	-0.014
31	0.048	-0.081	0.819	-0.056	-0.000	0.206	0.139	-0.009	0.026	0.053	-0.097	-0.057	-0.069	-0.035	-0.039	-0.059	0.079	-0.007	0.075	-0.069	0.342	0.052	-0.130	-0.028	-0.020	-0.018	-0.013	-0.081	0.081	0.555	-0.024	0.013	0.229	-0.047	0.015	0.065	-0.104	0.041	-0.083	-0.034	-0.062	-0.006	-0.007	-0.016	-0.035	0.107	0.086	0.482	-0.056	-0.041	1.000	-0.009	-0.109	-0.072	-0.036	-0.067	0.011	0.043	0.279	-0.013	-0.008	-0.091	-0.071	-0.017	-0.048	-0.056	-0.067	0.010	-0.093	0.300	0.088	-0.071	0.065	-0.051	-0.111	-0.044	-0.048	-0.016	-0.068	-0.016	-0.017	-0.054	-0.012	-0.043	-0.020	-0.045	-0.002	-0.038	-0.024	-0.085	-0.019
32	0.088	-0.111	-0.011	-0.048	-0.023	-0.008	-0.019	0.078	-0.048	0.419	-0.084	-0.039	-0.053	-0.045	-0.050	-0.092	0.029	-0.006	-0.026	-0.057	-0.017	-0.012	-0.093	0.025	-0.020	0.668	-0.008	0.256	-0.012	0.020	-0.018	-0.021	-0.015	0.641	-0.031	0.063	-0.089	0.007	-0.065	-0.029	-0.037	0.700	0.860	0.926	0.137	-0.103	-0.067	0.050	-0.070	-0.047	-0.009	1.000	-0.105	-0.055	0.124	-0.059	-0.001	-0.008	-0.132	-0.028	0.003	-0.087	-0.091	-0.011	-0.036	0.020	-0.038	-0.093	-0.072	-0.024	-0.022	-0.069	-0.041	-0.064	-0.086	-0.004	-0.049	-0.005	-0.053	-0.002	-0.009	-0.081	-0.014	-0.015	-0.087	-0.034	0.174	-0.038	-0.022	-0.063	-0.011
33	-0.167	0.217	-0.081	0.152	-0.062	-0.069	-0.219	-0.134	0.052	-0.112	0.185	0.007	0.001	-0.064	0.233	0.099	-0.071	-0.110	-0.087	0.122	-0.004	-0.032	0.338	0.008	-0.091	0.006	-0.130	-0.069	-0.044	-0.016	-0.113	-0.083	-0.098	0.023	-0.219	-0.073	0.065	-0.317	0.184	-0.078	0.226	-0.133	-0.026	-0.076	-0.068	0.076	0.056	-0.083	0.347	0.157	-0.109	-0.105	1.000	0.122	-0.036	0.125	-0.062	-0.107	0.303	-0.101	-0.089	0.169	0.308	-0.082	0.171	-0.066	0.024	0.330	0.148	-0.074	-0.090	0.037	0.310	-0.152	0.398	-0.067	-0.041	-0.075	-0.146	-0.064	-0.091	0.307	-0.094	-0.050	0.006	-0.008	-0.090	0.024	-0.014	0.131	-0.018
35	-0.045	0.192	-0.004	0.029	-0.038	-0.095	-0.211	-0.064	0.006	-0.143	0.143	0.117	0.150	0.228	0.215	-0.083	-0.072	-0.049	-0.022	0.237	-0.063	-0.016	0.053	-0.015	-0.060	-0.057	-0.059	-0.188	-0.021	-0.044	-0.096	-0.079	-0.058	-0.044	-0.080	-0.045	0.179	-0.248	0.264	-0.091	0.241	-0.092	-0.075	-0.065	-0.058	0.013	0.059	-0.082	0.225	0.289	-0.072	-0.055	0.122	1.000	-0.115	0.205	0.029	-0.049	0.180	-0.118	-0.047	0.372	0.153	-0.037	0.189	0.075	-0.059	0.055	0.213	-0.099	-0.046	-0.064	-0.015	-0.176	0.156	0.002	-0.025	-0.048	-0.103	-0.010	-0.042	0.167	-0.020	-0.077	-0.009	0.076	-0.039	0.150	0.034	0.252	0.062
36	-0.061	-0.172	-0.030	-0.058	0.009	0.245	-0.084	-0.053	-0.021	0.352	-0.107	0.215	-0.127	-0.091	-0.092	-0.053	-0.059	-0.033	-0.060	-0.085	-0.048	-0.050	-0.005	-0.074	-0.054	0.067	-0.028	0.256	-0.025	-0.044	0.240	0.133	0.042	0.042	-0.055	-0.043	-0.003	-0.140	-0.084	0.220	-0.064	0.068	0.098	0.116	0.760	0.015	-0.041	-0.034	-0.076	-0.057	-0.036	0.124	-0.036	-0.115	1.000	-0.128	0.046	-0.058	-0.069	0.028	-0.030	-0.026	-0.195	-0.040	-0.024	0.224	0.215	-0.111	-0.090	0.313	-0.061	0.080	0.033	0.326	-0.048	-0.066	0.219	-0.025	0.173	0.002	-0.029	-0.121	-0.037	0.332	0.201	-0.090	-0.020	-0.091	-0.073	-0.039	0.070
37	-0.097	0.163	0.027	0.255	-0.022	-0.142	-0.296	-0.079	0.000	-0.149	0.310	0.036	0.341	0.395	0.252	-0.306	-0.066	-0.059	-0.106	0.032	-0.023	0.005	0.185	0.008	-0.056	0.005	-0.058	-0.278	-0.041	-0.036	-0.085	0.011	-0.064	-0.035	-0.161	-0.067	0.406	-0.268	0.536	-0.094	0.139	-0.103	-0.056	-0.053	-0.108	0.021	0.122	-0.080	0.284	0.348	-0.067	-0.059	0.125	0.205	-0.128	1.000	0.088	-0.059	0.074	-0.098	-0.056	0.326	0.333	-0.031	0.371	-0.090	-0.104	0.074	0.066	-0.065	-0.027	-0.184	0.070	-0.242	0.303	0.029	0.020	-0.035	-0.188	0.001	-0.038	0.260	-0.057	-0.103	0.020	0.275	-0.043	0.266	0.227	0.430	-0.006
38	0.431	-0.093	-0.020	0.091	0.064	-0.035	0.121	0.605	0.038	-0.050	0.041	0.066	0.042	0.025	0.021	-0.006	0.037	0.728	-0.057	0.032	-0.010	-0.007	0.086	0.131	-0.019	-0.034	-0.040	-0.141	-0.008	0.091	0.023	0.029	-0.031	-0.128	-0.079	0.081	0.048	-0.125	0.135	0.031	0.128	0.289	-0.072	-0.041	0.013	0.010	0.007	0.155	0.186	0.210	0.011	-0.001	-0.062	0.029	0.046	0.088	1.000	0.021	-0.070	-0.011	-0.020	0.028	-0.063	-0.032	0.217	0.090	0.089	-0.161	0.038	0.158	0.049	-0.081	0.057	-0.085	-0.019	0.421	0.073	-0.043	0.002	0.024	-0.026	-0.001	-0.041	0.032	0.115	0.022	0.215	0.040	0.046	0.123	-0.044
39	-0.034	-0.031	0.061	-0.036	0.653	0.008	0.015	-0.020	0.372	-0.029	-0.053	0.032	0.092	0.107	-0.065	-0.111	-0.018	-0.000	-0.012	-0.073	0.114	0.101	-0.092	0.010	0.478	0.003	-0.023	-0.086	-0.017	-0.031	-0.020	0.004	0.001	-0.066	-0.013	-0.021	0.027	-0.068	-0.078	-0.030	-0.063	0.012	-0.028	-0.014	-0.036	-0.014	0.471	-0.042	-0.094	0.028	0.043	-0.008	-0.107	-0.049	-0.058	-0.059	0.021	1.000	-0.111	0.394	-0.009	-0.096	-0.085	0.530	-0.069	-0.053	0.025	-0.121	-0.051	0.108	0.718	-0.005	0.160	-0.050	-0.087	0.149	-0.065	0.072	-0.080	0.126	-0.018	-0.060	0.484	-0.020	0.390	-0.050	-0.016	0.010	0.114	-0.080	-0.037
4	-0.079	0.487	0.309	0.174	-0.131	-0.113	-0.274	-0.135	-0.104	-0.168	0.188	-0.060	0.034	0.168	0.321	0.040	-0.071	-0.079	-0.106	0.364	0.115	-0.055	0.367	-0.066	-0.144	-0.088	-0.152	-0.198	-0.044	0.020	-0.155	0.009	-0.004	0.072	-0.205	-0.120	0.036	-0.377	0.186	-0.147	0.057	-0.168	-0.165	-0.107	-0.138	0.144	0.018	0.003	0.256	0.172	0.279	-0.132	0.303	0.180	-0.069	0.074	-0.070	-0.111	1.000	-0.234	-0.071	0.259	0.405	-0.110	-0.024	-0.119	-0.155	0.395	0.352	0.004	-0.035	-0.122	0.031	-0.354	0.384	-0.114	-0.176	-0.131	-0.295	-0.086	-0.096	0.376	-0.096	-0.146	-0.215	0.025	-0.111	0.153	-0.071	0.117	-0.086
48	-0.062	-0.198	0.002	0.052	0.188	0.143	0.061	-0.010	0.054	0.019	-0.070	0.132	0.076	0.020	-0.163	-0.125	-0.003	-0.012	-0.053	-0.143	0.259	0.473	-0.106	0.270	0.698	0.034	-0.019	0.051	-0.026	-0.025	0.247	0.220	0.152	-0.127	0.033	-0.033	0.002	-0.048	-0.127	0.205	-0.036	0.014	0.018	-0.036	0.079	0.026	-0.025	-0.043	-0.140	-0.011	-0.013	-0.028	-0.101	-0.118	0.028	-0.098	-0.011	0.394	-0.234	1.000	-0.027	-0.120	-0.159	0.643	-0.045	0.076	0.164	-0.200	-0.150	0.261	0.086	0.082	0.308	0.222	-0.112	0.244	0.162	0.279	0.019	0.097	0.148	-0.200	0.607	0.195	0.481	-0.070	-0.027	-0.059	0.126	-0.098	-0.010
49	0.083	-0.074	-0.012	-0.046	-0.018	-0.003	-0.068	0.037	-0.032	-0.015	-0.009	-0.016	0.254	-0.038	0.008	-0.081	0.007	-0.005	-0.019	0.019	-0.013	-0.005	-0.014	-0.000	0.000	-0.021	-0.005	-0.087	-0.004	0.011	-0.031	-0.041	-0.015	-0.022	0.011	0.025	-0.076	-0.065	0.005	-0.021	-0.056	-0.003	-0.030	0.003	-0.032	-0.078	-0.065	0.027	0.083	-0.008	-0.008	0.003	-0.089	-0.047	-0.030	-0.056	-0.020	-0.009	-0.071	-0.027	1.000	-0.047	-0.003	0.009	0.001	-0.035	-0.081	-0.067	-0.000	-0.030	-0.015	-0.066	-0.048	-0.085	-0.038	-0.020	-0.056	-0.008	-0.050	-0.015	-0.008	-0.057	0.017	-0.012	-0.092	-0.030	0.081	-0.031	-0.010	-0.058	0.066
50	-0.114	0.240	-0.072	0.105	-0.077	-0.054	-0.298	-0.064	-0.018	-0.132	0.168	0.063	0.258	0.166	0.270	-0.145	-0.073	-0.068	-0.006	0.473	-0.095	-0.069	0.286	-0.012	-0.087	-0.082	-0.096	-0.221	-0.070	-0.146	-0.029	-0.013	-0.040	-0.034	-0.208	-0.100	0.255	-0.350	0.315	0.005	0.136	-0.090	-0.091	-0.077	-0.001	0.151	0.053	-0.132	0.434	0.431	-0.091	-0.087	0.169	0.372	-0.026	0.326	0.028	-0.096	0.259	-0.120	-0.047	1.000	0.288	-0.067	0.173	0.099	0.046	-0.000	0.506	-0.023	-0.082	-0.101	-0.001	-0.153	0.342	-0.002	0.040	-0.055	-0.126	-0.040	-0.026	0.368	-0.049	0.013	0.066	0.118	-0.064	0.144	0.087	0.299	-0.080
51	-0.074	0.549	-0.071	0.083	-0.056	-0.202	-0.339	-0.089	-0.083	-0.251	0.426	-0.069	0.218	0.299	0.485	-0.107	-0.059	-0.080	-0.038	0.435	-0.063	0.037	0.397	0.021	-0.074	0.054	-0.081	-0.334	-0.043	-0.077	-0.162	-0.174	-0.083	0.016	-0.169	-0.036	0.163	-0.272	0.209	-0.173	0.044	-0.044	-0.104	-0.016	-0.183	0.078	0.111	-0.061	0.262	0.287	-0.071	-0.091	0.308	0.153	-0.195	0.333	-0.063	-0.085	0.405	-0.159	-0.003	0.288	1.000	-0.033	0.155	-0.110	-0.219	0.238	0.344	-0.168	-0.045	-0.191	-0.076	-0.395	0.341	-0.052	-0.179	-0.104	-0.285	-0.061	-0.063	0.487	-0.046	-0.130	-0.261	0.133	-0.068	0.378	0.077	0.338	-0.072
52	-0.032	0.000	-0.017	-0.041	0.077	0.000	-0.014	-0.019	-0.042	-0.064	-0.061	-0.015	0.213	0.077	-0.044	-0.114	-0.007	-0.013	-0.023	-0.041	0.040	0.021	-0.088	-0.009	0.889	0.026	-0.010	-0.095	-0.014	-0.025	-0.025	0.019	0.033	-0.044	0.011	-0.018	-0.009	-0.070	-0.058	-0.023	-0.021	0.031	0.000	-0.011	-0.019	-0.095	-0.070	-0.033	-0.074	0.112	-0.017	-0.011	-0.082	-0.037	-0.040	-0.031	-0.032	0.530	-0.110	0.643	0.009	-0.067	-0.033	1.000	-0.045	-0.034	-0.047	-0.035	-0.069	0.110	0.062	-0.041	0.376	-0.065	-0.082	0.015	-0.055	0.198	-0.063	0.190	0.040	-0.071	0.945	-0.024	0.309	-0.032	-0.008	-0.029	0.173	-0.060	-0.033
54	-0.077	0.125	-0.043	0.172	0.000	-0.016	-0.178	-0.058	0.141	-0.088	0.159	0.087	0.201	0.112	0.160	-0.204	-0.073	-0.038	0.008	0.029	-0.048	-0.056	0.133	0.018	-0.062	0.031	-0.043	-0.189	-0.041	0.019	0.033	0.032	0.010	-0.157	-0.104	-0.053	0.227	-0.189	0.373	0.009	0.222	-0.030	-0.017	-0.047	-0.046	0.110	0.216	-0.049	0.057	0.319	-0.048	-0.036	0.171	0.189	-0.024	0.371	0.217	-0.069	-0.024	-0.045	0.001	0.173	0.155	-0.045	1.000	0.103	0.046	-0.156	0.071	0.062	-0.028	-0.068	0.069	-0.093	0.169	0.024	0.031	0.056	-0.086	-0.021	0.021	0.276	-0.045	-0.000	0.141	0.133	-0.021	0.126	0.221	0.466	0.158
